 0.00000000e+00  1.79999998e+00  0.00000000e+00 -1.83584354e-12 
 1.00000000e-02  1.79999998e+00  1.00000000e-02 -1.84533140e-12 
 2.00000000e-02  1.79999998e+00  2.00000000e-02 -1.86095670e-12 
 3.00000000e-02  1.79999998e+00  3.00000000e-02 -1.87957657e-12 
 4.00000000e-02  1.79999998e+00  4.00000000e-02 -1.90394553e-12 
 5.00000000e-02  1.79999998e+00  5.00000000e-02 -1.93583777e-12 
 6.00000000e-02  1.79999998e+00  6.00000000e-02 -1.97757457e-12 
 7.00000000e-02  1.79999998e+00  7.00000000e-02 -2.03219624e-12 
 8.00000000e-02  1.79999998e+00  8.00000000e-02 -2.10367899e-12 
 9.00000000e-02  1.79999998e+00  9.00000000e-02 -2.19722526e-12 
 1.00000000e-01  1.79999997e+00  1.00000000e-01 -2.31964599e-12 
 1.10000000e-01  1.79999997e+00  1.10000000e-01 -2.47985031e-12 
 1.20000000e-01  1.79999997e+00  1.20000000e-01 -2.68949685e-12 
 1.30000000e-01  1.79999997e+00  1.30000000e-01 -2.96383946e-12 
 1.40000000e-01  1.79999996e+00  1.40000000e-01 -3.32283463e-12 
 1.50000000e-01  1.79999996e+00  1.50000000e-01 -3.79259406e-12 
 1.60000000e-01  1.79999995e+00  1.60000000e-01 -4.40727316e-12 
 1.70000000e-01  1.79999994e+00  1.70000000e-01 -5.21155645e-12 
 1.80000000e-01  1.79999993e+00  1.80000000e-01 -6.26389197e-12 
 1.90000000e-01  1.79999991e+00  1.90000000e-01 -7.64072789e-12 
 2.00000000e-01  1.79999989e+00  2.00000000e-01 -9.44204263e-12 
 2.10000000e-01  1.79999986e+00  2.10000000e-01 -1.17985777e-11 
 2.20000000e-01  1.79999982e+00  2.20000000e-01 -1.48812835e-11 
 2.30000000e-01  1.79999977e+00  2.30000000e-01 -1.89136523e-11 
 2.40000000e-01  1.79999970e+00  2.40000000e-01 -2.41878201e-11 
 2.50000000e-01  1.79999961e+00  2.50000000e-01 -3.10855890e-11 
 2.60000000e-01  1.79999949e+00  2.60000000e-01 -4.01058318e-11 
 2.70000000e-01  1.79999934e+00  2.70000000e-01 -5.19002551e-11 
 2.80000000e-01  1.79999913e+00  2.80000000e-01 -6.73199782e-11 
 2.90000000e-01  1.79999887e+00  2.90000000e-01 -8.74762170e-11 
 3.00000000e-01  1.79999851e+00  3.00000000e-01 -1.13819262e-10 
 3.10000000e-01  1.79999804e+00  3.10000000e-01 -1.48241186e-10 
 3.20000000e-01  1.79999743e+00  3.20000000e-01 -1.93209296e-10 
 3.30000000e-01  1.79999661e+00  3.30000000e-01 -2.51939340e-10 
 3.40000000e-01  1.79999554e+00  3.40000000e-01 -3.28620054e-10 
 3.50000000e-01  1.79999412e+00  3.50000000e-01 -4.28703861e-10 
 3.60000000e-01  1.79999225e+00  3.60000000e-01 -5.59282620e-10 
 3.70000000e-01  1.79998979e+00  3.70000000e-01 -7.29572438e-10 
 3.80000000e-01  1.79998654e+00  3.80000000e-01 -9.51537940e-10 
 3.90000000e-01  1.79998226e+00  3.90000000e-01 -1.24069404e-09 
 4.00000000e-01  1.79997662e+00  4.00000000e-01 -1.61713343e-09 
 4.10000000e-01  1.79996920e+00  4.10000000e-01 -2.10683842e-09 
 4.20000000e-01  1.79995943e+00  4.20000000e-01 -2.74335078e-09 
 4.30000000e-01  1.79994658e+00  4.30000000e-01 -3.56988806e-09 
 4.40000000e-01  1.79992970e+00  4.40000000e-01 -4.64201366e-09 
 4.50000000e-01  1.79990753e+00  4.50000000e-01 -6.03098725e-09 
 4.60000000e-01  1.79987844e+00  4.60000000e-01 -7.82794366e-09 
 4.70000000e-01  1.79984034e+00  4.70000000e-01 -1.01490682e-08 
 4.80000000e-01  1.79979049e+00  4.80000000e-01 -1.31419537e-08 
 4.90000000e-01  1.79972538e+00  4.90000000e-01 -1.69933375e-08 
 5.00000000e-01  1.79964048e+00  5.00000000e-01 -2.19384145e-08 
 5.10000000e-01  1.79953000e+00  5.10000000e-01 -2.82719086e-08 
 5.20000000e-01  1.79938656e+00  5.20000000e-01 -3.63610411e-08 
 5.30000000e-01  1.79920081e+00  5.30000000e-01 -4.66604602e-08 
 5.40000000e-01  1.79896095e+00  5.40000000e-01 -5.97290787e-08 
 5.50000000e-01  1.79865219e+00  5.50000000e-01 -7.62485962e-08 
 5.60000000e-01  1.79825612e+00  5.60000000e-01 -9.70432606e-08 
 5.70000000e-01  1.79774993e+00  5.70000000e-01 -1.23100145e-07 
 5.80000000e-01  1.79710568e+00  5.80000000e-01 -1.55588896e-07 
 5.90000000e-01  1.79628926e+00  5.90000000e-01 -1.95879563e-07 
 6.00000000e-01  1.79525948e+00  6.00000000e-01 -2.45556809e-07 
 6.10000000e-01  1.79396692e+00  6.10000000e-01 -3.06428499e-07 
 6.20000000e-01  1.79235275e+00  6.20000000e-01 -3.80526563e-07 
 6.30000000e-01  1.79034743e+00  6.30000000e-01 -4.70097972e-07 
 6.40000000e-01  1.78786929e+00  6.40000000e-01 -5.77583903e-07 
 6.50000000e-01  1.78482282e+00  6.50000000e-01 -7.05585509e-07 
 6.60000000e-01  1.78109669e+00  6.60000000e-01 -8.56815236e-07 
 6.70000000e-01  1.77656108e+00  6.70000000e-01 -1.03403314e-06 
 6.80000000e-01  1.77106415e+00  6.80000000e-01 -1.23996812e-06 
 6.90000000e-01  1.76442686e+00  6.90000000e-01 -1.47722387e-06 
 7.00000000e-01  1.75643538e+00  7.00000000e-01 -1.74816910e-06 
 7.10000000e-01  1.74682913e+00  7.10000000e-01 -2.05480903e-06 
 7.20000000e-01  1.73528171e+00  7.20000000e-01 -2.39863157e-06 
 7.30000000e-01  1.72136874e+00  7.30000000e-01 -2.78041161e-06 
 7.40000000e-01  1.70451041e+00  7.40000000e-01 -3.19993638e-06 
 7.50000000e-01  1.68386094e+00  7.50000000e-01 -3.65556315e-06 
 7.60000000e-01  1.65807103e+00  7.60000000e-01 -4.14337539e-06 
 7.70000000e-01  1.62469273e+00  7.70000000e-01 -4.65521263e-06 
 7.80000000e-01  1.57830814e+00  7.80000000e-01 -5.17271185e-06 
 7.90000000e-01  1.49972762e+00  7.90000000e-01 -5.63464635e-06 
 8.00000000e-01  1.35674553e+00  8.00000000e-01 -5.91974112e-06 
 8.10000000e-01  1.18238257e+00  8.10000000e-01 -6.07595303e-06 
 8.20000000e-01  1.00189685e+00  8.20000000e-01 -6.15831381e-06 
 8.30000000e-01  8.23318119e-01  8.30000000e-01 -6.18548194e-06 
 8.40000000e-01  6.50547319e-01  8.40000000e-01 -6.16744455e-06 
 8.50000000e-01  4.86423516e-01  8.50000000e-01 -6.11032297e-06 
 8.60000000e-01  3.34790095e-01  8.60000000e-01 -6.01506846e-06 
 8.70000000e-01  2.06680620e-01  8.70000000e-01 -5.86877084e-06 
 8.80000000e-01  1.29131286e-01  8.80000000e-01 -5.63311532e-06 
 8.90000000e-01  9.50205846e-02  8.90000000e-01 -5.33017943e-06 
 9.00000000e-01  7.59005205e-02  9.00000000e-01 -5.01237400e-06 
 9.10000000e-01  6.28436366e-02  9.10000000e-01 -4.69592257e-06 
 9.20000000e-01  5.29995496e-02  9.20000000e-01 -4.38615748e-06 
 9.30000000e-01  4.52953950e-02  9.30000000e-01 -4.08527234e-06 
 9.40000000e-01  3.90115594e-02  9.40000000e-01 -3.79470822e-06 
 9.50000000e-01  3.37800041e-02  9.50000000e-01 -3.51527678e-06 
 9.60000000e-01  2.93609574e-02  9.60000000e-01 -3.24752633e-06 
 9.70000000e-01  2.55865726e-02  9.70000000e-01 -2.99184154e-06 
 9.80000000e-01  2.23354718e-02  9.80000000e-01 -2.74848960e-06 
 9.90000000e-01  1.95170059e-02  9.90000000e-01 -2.51764672e-06 
 1.00000000e+00  1.70616281e-02  1.00000000e+00 -2.29941286e-06 
 1.01000000e+00  1.49147678e-02  1.01000000e+00 -2.09381975e-06 
 1.02000000e+00  1.30327675e-02  1.02000000e+00 -1.90083493e-06 
 1.03000000e+00  1.13800981e-02  1.03000000e+00 -1.72036366e-06 
 1.04000000e+00  9.92739617e-03  1.04000000e+00 -1.55224964e-06 
 1.05000000e+00  8.65004856e-03  1.05000000e+00 -1.39627535e-06 
 1.06000000e+00  7.52715404e-03  1.06000000e+00 -1.25216264e-06 
 1.07000000e+00  6.54074950e-03  1.07000000e+00 -1.11957396e-06 
 1.08000000e+00  5.67522799e-03  1.08000000e+00 -9.98114629e-07 
 1.09000000e+00  4.91689780e-03  1.09000000e+00 -8.87336419e-07 
 1.10000000e+00  4.25364734e-03  1.10000000e+00 -7.86742543e-07 
 1.11000000e+00  3.67469007e-03  1.11000000e+00 -6.95794091e-07 
 1.12000000e+00  3.17037030e-03  1.12000000e+00 -6.13917800e-07 
 1.13000000e+00  2.73201521e-03  1.13000000e+00 -5.40514899e-07 
 1.14000000e+00  2.35182143e-03  1.14000000e+00 -4.74970691e-07 
 1.15000000e+00  2.02276703e-03  1.15000000e+00 -4.16664432e-07 
 1.16000000e+00  1.73854148e-03  1.16000000e+00 -3.64979056e-07 
 1.17000000e+00  1.49348781e-03  1.17000000e+00 -3.19310280e-07 
 1.18000000e+00  1.28255255e-03  1.18000000e+00 -2.79074720e-07 
 1.19000000e+00  1.10124024e-03  1.19000000e+00 -2.43716688e-07 
 1.20000000e+00  9.45570467e-04  1.20000000e+00 -2.12713517e-07 
 1.21000000e+00  8.12036063e-04  1.21000000e+00 -1.85579317e-07 
 1.22000000e+00  6.97562081e-04  1.22000000e+00 -1.61867225e-07 
 1.23000000e+00  5.99465425e-04  1.23000000e+00 -1.41170273e-07 
 1.24000000e+00  5.15415471e-04  1.24000000e+00 -1.23121068e-07 
 1.25000000e+00  4.43396109e-04  1.25000000e+00 -1.07390520e-07 
 1.26000000e+00  3.81669689e-04  1.26000000e+00 -9.36858438e-08 
 1.27000000e+00  3.28743285e-04  1.27000000e+00 -8.17480765e-08 
 1.28000000e+00  2.83337602e-04  1.28000000e+00 -7.13492960e-08 
 1.29000000e+00  2.44358713e-04  1.29000000e+00 -6.22897191e-08 
 1.30000000e+00  2.10872685e-04  1.30000000e+00 -5.43948026e-08 
 1.31000000e+00  1.82083078e-04  1.31000000e+00 -4.75124472e-08 
 1.32000000e+00  1.57311159e-04  1.32000000e+00 -4.15103688e-08 
 1.33000000e+00  1.35978686e-04  1.33000000e+00 -3.62736748e-08 
 1.34000000e+00  1.17593009e-04  1.34000000e+00 -3.17026682e-08 
 1.35000000e+00  1.01734267e-04  1.35000000e+00 -2.77108799e-08 
 1.36000000e+00  8.80444403e-05  1.36000000e+00 -2.42233261e-08 
 1.37000000e+00  7.62180164e-05  1.37000000e+00 -2.11749759e-08 
 1.38000000e+00  6.59940656e-05  1.38000000e+00 -1.85094122e-08 
 1.39000000e+00  5.71495197e-05  1.39000000e+00 -1.61776683e-08 
 1.40000000e+00  4.94934823e-05  1.40000000e+00 -1.41372191e-08 
 1.41000000e+00  4.28624156e-05  1.41000000e+00 -1.23511102e-08 
 1.42000000e+00  3.71160693e-05  1.42000000e+00 -1.07872053e-08 
 1.43000000e+00  3.21340369e-05  1.43000000e+00 -9.41753942e-09 
 1.44000000e+00  2.78128407e-05  1.44000000e+00 -8.21775978e-09 
 1.45000000e+00  2.40634632e-05  1.45000000e+00 -7.16664538e-09 
 1.46000000e+00  2.08092529e-05  1.46000000e+00 -6.24569239e-09 
 1.47000000e+00  1.79841465e-05  1.47000000e+00 -5.43875653e-09 
 1.48000000e+00  1.55311580e-05  1.48000000e+00 -4.73174440e-09 
 1.49000000e+00  1.34010913e-05  1.49000000e+00 -4.11234677e-09 
 1.50000000e+00  1.15514429e-05  1.50000000e+00 -3.56980731e-09 
 1.51000000e+00  9.94546491e-06  1.51000000e+00 -3.09472260e-09 
 1.52000000e+00  8.55136264e-06  1.52000000e+00 -2.67886838e-09 
 1.53000000e+00  7.34160794e-06  1.53000000e+00 -2.31504821e-09 
 1.54000000e+00  6.29234915e-06  1.54000000e+00 -1.99696225e-09 
 1.55000000e+00  5.38290415e-06  1.55000000e+00 -1.71909228e-09 
 1.56000000e+00  4.59532375e-06  1.56000000e+00 -1.47660152e-09 
 1.57000000e+00  3.91401542e-06  1.57000000e+00 -1.26524690e-09 
 1.58000000e+00  3.32541850e-06  1.58000000e+00 -1.08130252e-09 
 1.59000000e+00  2.81772390e-06  1.59000000e+00 -9.21492342e-10 
 1.60000000e+00  2.38063214e-06  1.60000000e+00 -7.82931523e-10 
 1.61000000e+00  2.00514480e-06  1.61000000e+00 -6.63075101e-10 
 1.62000000e+00  1.68338520e-06  1.62000000e+00 -5.59673446e-10 
 1.63000000e+00  1.40844465e-06  1.63000000e+00 -4.70733761e-10 
 1.64000000e+00  1.17425139e-06  1.64000000e+00 -3.94486797e-10 
 1.65000000e+00  9.75459326e-07  1.65000000e+00 -3.29358703e-10 
 1.66000000e+00  8.07354331e-07  1.66000000e+00 -2.73947181e-10 
 1.67000000e+00  6.65775548e-07  1.67000000e+00 -2.27001286e-10 
 1.68000000e+00  5.47049680e-07  1.68000000e+00 -1.87405126e-10 
 1.69000000e+00  4.47936044e-07  1.69000000e+00 -1.54163817e-10 
 1.70000000e+00  3.65580388e-07  1.70000000e+00 -1.26392000e-10 
 1.71000000e+00  2.97475602e-07  1.71000000e+00 -1.03304186e-10 
 1.72000000e+00  2.41427681e-07  1.72000000e+00 -8.42062160e-11 
 1.73000000e+00  1.95525546e-07  1.73000000e+00 -6.84877422e-11 
 1.74000000e+00  1.58113619e-07  1.74000000e+00 -5.56151618e-11 
 1.75000000e+00  1.27766413e-07  1.75000000e+00 -4.51251569e-11 
 1.76000000e+00  1.03264633e-07  1.76000000e+00 -3.66181154e-11 
 1.77000000e+00  8.35725459e-08  1.77000000e+00 -2.97519659e-11 
 1.78000000e+00  6.78165342e-08  1.78000000e+00 -2.42360253e-11 
 1.79000000e+00  5.52649245e-08  1.79000000e+00 -1.98251146e-11 
 1.80000000e+00  4.53091761e-08  1.80000000e+00 -1.63139929e-11 
