 0.00000000e+00 -8.40132115e-29 
 1.00000000e-02  6.30259412e-13 
 2.00000000e-02  1.06777848e-12 
 3.00000000e-02  1.45718981e-12 
 4.00000000e-02  1.76270213e-12 
 5.00000000e-02  2.00412552e-12 
 6.00000000e-02  2.20325268e-12 
 7.00000000e-02  2.37797001e-12 
 8.00000000e-02  2.54044112e-12 
 9.00000000e-02  2.69811434e-12 
 1.00000000e-01  2.85539340e-12 
 1.10000000e-01  3.01493628e-12 
 1.20000000e-01  3.17839830e-12 
 1.30000000e-01  3.34688246e-12 
 1.40000000e-01  3.52111688e-12 
 1.50000000e-01  3.70162161e-12 
 1.60000000e-01  3.88883862e-12 
 1.70000000e-01  4.08303540e-12 
 1.80000000e-01  4.28444490e-12 
 1.90000000e-01  4.49317962e-12 
 2.00000000e-01  4.70937083e-12 
 2.10000000e-01  4.93301960e-12 
 2.20000000e-01  5.16416733e-12 
 2.30000000e-01  5.40269595e-12 
 2.40000000e-01  5.64850337e-12 
 2.50000000e-01  5.90145947e-12 
 2.60000000e-01  6.16126692e-12 
 2.70000000e-01  6.42774275e-12 
 2.80000000e-01  6.70052330e-12 
 2.90000000e-01  6.97942531e-12 
 3.00000000e-01  7.26401786e-12 
 3.10000000e-01  7.55388680e-12 
 3.20000000e-01  7.84886728e-12 
 3.30000000e-01  8.14842643e-12 
 3.40000000e-01  8.45228417e-12 
 3.50000000e-01  8.76015552e-12 
 3.60000000e-01  9.07151505e-12 
 3.70000000e-01  9.38637595e-12 
 3.80000000e-01  9.70428501e-12 
 3.90000000e-01  1.00250214e-11 
 4.00000000e-01  1.03483325e-11 
 4.10000000e-01  1.06739511e-11 
 4.20000000e-01  1.10018749e-11 
 4.30000000e-01  1.13318619e-11 
 4.40000000e-01  1.16638510e-11 
 4.50000000e-01  1.19975782e-11 
 4.60000000e-01  1.23331270e-11 
 4.70000000e-01  1.26703295e-11 
 4.80000000e-01  1.30092340e-11 
 4.90000000e-01  1.33495451e-11 
 5.00000000e-01  1.36915951e-11 
 5.10000000e-01  1.40350694e-11 
 5.20000000e-01  1.43800817e-11 
 5.30000000e-01  1.47267892e-11 
 5.40000000e-01  1.50747994e-11 
 5.50000000e-01  1.54244374e-11 
 5.60000000e-01  1.57755172e-11 
 5.70000000e-01  1.61283510e-11 
 5.80000000e-01  1.64827396e-11 
 5.90000000e-01  1.68386720e-11 
 6.00000000e-01  1.71964083e-11 
 6.10000000e-01  1.75555521e-11 
 6.20000000e-01  1.79166033e-11 
 6.30000000e-01  1.82794674e-11 
 6.40000000e-01  1.86441502e-11 
 6.50000000e-01  1.90104443e-11 
 6.60000000e-01  1.93786041e-11 
 6.70000000e-01  1.97488132e-11 
 6.80000000e-01  2.01208472e-11 
 6.90000000e-01  2.04949397e-11 
 7.00000000e-01  2.08710400e-11 
 7.10000000e-01  2.12491500e-11 
 7.20000000e-01  2.16293850e-11 
 7.30000000e-01  2.20117056e-11 
 7.40000000e-01  2.23962655e-11 
 7.50000000e-01  2.27828717e-11 
 7.60000000e-01  2.31718090e-11 
 7.70000000e-01  2.35630021e-11 
 7.80000000e-01  2.39564882e-11 
 7.90000000e-01  2.43522068e-11 
 8.00000000e-01  2.47505215e-11 
 8.10000000e-01  2.51511132e-11 
 8.20000000e-01  2.55541696e-11 
 8.30000000e-01  2.59597225e-11 
 8.40000000e-01  2.63677535e-11 
 8.50000000e-01  2.67785615e-11 
 8.60000000e-01  2.71916307e-11 
 8.70000000e-01  2.76073785e-11 
 8.80000000e-01  2.80258962e-11 
 8.90000000e-01  2.84470494e-11 
 9.00000000e-01  2.88708821e-11 
 9.10000000e-01  2.92976589e-11 
 9.20000000e-01  2.97269869e-11 
 9.30000000e-01  3.01591785e-11 
 9.40000000e-01  3.05943593e-11 
 9.50000000e-01  3.10323201e-11 
 9.60000000e-01  3.14729891e-11 
 9.70000000e-01  3.19170831e-11 
 9.80000000e-01  3.23637264e-11 
 9.90000000e-01  3.28135983e-11 
 1.00000000e+00  3.32666256e-11 
 1.01000000e+00  3.37225696e-11 
 1.02000000e+00  3.41814741e-11 
 1.03000000e+00  3.46439150e-11 
 1.04000000e+00  3.51094426e-11 
 1.05000000e+00  3.55782299e-11 
 1.06000000e+00  3.60500661e-11 
 1.07000000e+00  3.65254218e-11 
 1.08000000e+00  3.70043368e-11 
 1.09000000e+00  3.74863483e-11 
 1.10000000e+00  3.79720546e-11 
 1.11000000e+00  3.84613637e-11 
 1.12000000e+00  3.89537360e-11 
 1.13000000e+00  3.94500743e-11 
 1.14000000e+00  3.99502268e-11 
 1.15000000e+00  4.04538675e-11 
 1.16000000e+00  4.09614711e-11 
 1.17000000e+00  4.14726619e-11 
 1.18000000e+00  4.19878263e-11 
 1.19000000e+00  4.25072423e-11 
 1.20000000e+00  4.30308842e-11 
 1.21000000e+00  4.35584928e-11 
 1.22000000e+00  4.40902485e-11 
 1.23000000e+00  4.46269372e-11 
 1.24000000e+00  4.51677686e-11 
 1.25000000e+00  4.57128854e-11 
 1.26000000e+00  4.62629122e-11 
 1.27000000e+00  4.68178568e-11 
 1.28000000e+00  4.73781317e-11 
 1.29000000e+00  4.79429789e-11 
 1.30000000e+00  4.85133529e-11 
 1.31000000e+00  4.90893643e-11 
 1.32000000e+00  4.96708422e-11 
 1.33000000e+00  5.02582877e-11 
 1.34000000e+00  5.08514500e-11 
 1.35000000e+00  5.14513820e-11 
 1.36000000e+00  5.20573867e-11 
 1.37000000e+00  5.26703355e-11 
 1.38000000e+00  5.32901983e-11 
 1.39000000e+00  5.39174230e-11 
 1.40000000e+00  5.45523532e-11 
 1.41000000e+00  5.51950114e-11 
 1.42000000e+00  5.58460703e-11 
 1.43000000e+00  5.65055704e-11 
 1.44000000e+00  5.71737933e-11 
 1.45000000e+00  5.78515448e-11 
 1.46000000e+00  5.85390102e-11 
 1.47000000e+00  5.92370763e-11 
 1.48000000e+00  5.99450212e-11 
 1.49000000e+00  6.06645742e-11 
 1.50000000e+00  6.13955913e-11 
 1.51000000e+00  6.21386374e-11 
 1.52000000e+00  6.28946874e-11 
 1.53000000e+00  6.36639118e-11 
 1.54000000e+00  6.44463703e-11 
 1.55000000e+00  6.52437390e-11 
 1.56000000e+00  6.60560554e-11 
 1.57000000e+00  6.68844241e-11 
 1.58000000e+00  6.77285326e-11 
 1.59000000e+00  6.85896938e-11 
 1.60000000e+00  6.94690824e-11 
 1.61000000e+00  7.03670648e-11 
 1.62000000e+00  7.12841216e-11 
 1.63000000e+00  7.22210566e-11 
 1.64000000e+00  7.31791223e-11 
 1.65000000e+00  7.41587659e-11 
 1.66000000e+00  7.51608274e-11 
 1.67000000e+00  7.61863289e-11 
 1.68000000e+00  7.72356324e-11 
 1.69000000e+00  7.83103389e-11 
 1.70000000e+00  7.94106972e-11 
 1.71000000e+00  8.05372936e-11 
 1.72000000e+00  8.16918028e-11 
 1.73000000e+00  8.28746900e-11 
 1.74000000e+00  8.40867146e-11 
 1.75000000e+00  8.53294692e-11 
 1.76000000e+00  8.66026493e-11 
 1.77000000e+00  8.79083722e-11 
 1.78000000e+00  8.92463711e-11 
 1.79000000e+00  9.06181961e-11 
 1.80000000e+00  9.20247665e-11 
