 0.00000000e+00  1.99961380e-01  0.00000000e+00 -2.04498094e-13 
 1.00000000e-02  1.99954013e-01  1.00000000e-02 -2.05581971e-13 
 2.00000000e-02  1.99942764e-01  2.00000000e-02 -2.07407361e-13 
 3.00000000e-02  1.99929635e-01  3.00000000e-02 -2.09605770e-13 
 4.00000000e-02  1.99912845e-01  4.00000000e-02 -2.12515606e-13 
 5.00000000e-02  1.99891142e-01  5.00000000e-02 -2.16367316e-13 
 6.00000000e-02  1.99862741e-01  6.00000000e-02 -2.21468921e-13 
 7.00000000e-02  1.99825057e-01  7.00000000e-02 -2.28224124e-13 
 8.00000000e-02  1.99774262e-01  8.00000000e-02 -2.37164780e-13 
 9.00000000e-02  1.99704587e-01  9.00000000e-02 -2.48997600e-13 
 1.00000000e-01  1.99607164e-01  1.00000000e-01 -2.64654862e-13 
 1.10000000e-01  1.99468115e-01  1.10000000e-01 -2.85363042e-13 
 1.20000000e-01  1.99265342e-01  1.20000000e-01 -3.12736816e-13 
 1.30000000e-01  1.98963072e-01  1.30000000e-01 -3.48889239e-13 
 1.40000000e-01  1.98502442e-01  1.40000000e-01 -3.96584512e-13 
 1.50000000e-01  1.97784835e-01  1.50000000e-01 -4.59388143e-13 
 1.60000000e-01  1.96641391e-01  1.60000000e-01 -5.41825618e-13 
 1.70000000e-01  1.94773970e-01  1.70000000e-01 -6.49487869e-13 
 1.80000000e-01  1.91629698e-01  1.80000000e-01 -7.88756565e-13 
 1.90000000e-01  1.86089013e-01  1.90000000e-01 -9.65517054e-13 
 2.00000000e-01  1.75041779e-01  2.00000000e-01 -1.17793988e-12 
