 0.00000000e+00  3.99997009e-01  0.00000000e+00 -4.06720610e-13 
 1.00000000e-02  3.99996111e-01  1.00000000e-02 -4.08421018e-13 
 2.00000000e-02  3.99995388e-01  2.00000000e-02 -4.11262441e-13 
 3.00000000e-02  3.99994657e-01  3.00000000e-02 -4.14680226e-13 
 4.00000000e-02  3.99993787e-01  4.00000000e-02 -4.19202433e-13 
 5.00000000e-02  3.99992742e-01  5.00000000e-02 -4.25177471e-13 
 6.00000000e-02  3.99991471e-01  6.00000000e-02 -4.33077727e-13 
 7.00000000e-02  3.99989907e-01  7.00000000e-02 -4.43523202e-13 
 8.00000000e-02  3.99987953e-01  8.00000000e-02 -4.57339082e-13 
 9.00000000e-02  3.99985467e-01  9.00000000e-02 -4.75600570e-13 
 1.00000000e-01  3.99982248e-01  1.00000000e-01 -4.99745536e-13 
 1.10000000e-01  3.99977991e-01  1.10000000e-01 -5.31666237e-13 
 1.20000000e-01  3.99972244e-01  1.20000000e-01 -5.73871137e-13 
 1.30000000e-01  3.99964316e-01  1.30000000e-01 -6.29662392e-13 
 1.40000000e-01  3.99953149e-01  1.40000000e-01 -7.03410529e-13 
 1.50000000e-01  3.99937098e-01  1.50000000e-01 -8.00914727e-13 
 1.60000000e-01  3.99913593e-01  1.60000000e-01 -9.29794382e-13 
 1.70000000e-01  3.99878574e-01  1.70000000e-01 -1.10013496e-12 
 1.80000000e-01  3.99825582e-01  1.80000000e-01 -1.32526786e-12 
 1.90000000e-01  3.99744260e-01  1.90000000e-01 -1.62274984e-12 
 2.00000000e-01  3.99617872e-01  2.00000000e-01 -2.01575453e-12 
 2.10000000e-01  3.99419144e-01  2.10000000e-01 -2.53478060e-12 
 2.20000000e-01  3.99103199e-01  2.20000000e-01 -3.21986437e-12 
 2.30000000e-01  3.98595297e-01  2.30000000e-01 -4.12339661e-12 
 2.40000000e-01  3.97768883e-01  2.40000000e-01 -5.31342998e-12 
 2.50000000e-01  3.96404270e-01  2.50000000e-01 -6.87725121e-12 
 2.60000000e-01  3.94104351e-01  2.60000000e-01 -8.92408207e-12 
 2.70000000e-01  3.90098064e-01  2.70000000e-01 -1.15829076e-11 
 2.80000000e-01  3.82665524e-01  2.80000000e-01 -1.49801368e-11 
 2.90000000e-01  3.65151217e-01  2.90000000e-01 -1.90605456e-11 
 3.00000000e-01  2.89298446e-01  3.00000000e-01 -2.16825426e-11 
 3.10000000e-01  1.56094083e-01  3.10000000e-01 -2.10142168e-11 
 3.20000000e-01  5.59511603e-02  3.20000000e-01 -1.91109797e-11 
 3.30000000e-01  2.36455281e-02  3.30000000e-01 -1.58927990e-11 
 3.40000000e-01  1.25460816e-02  3.40000000e-01 -1.28561915e-11 
 3.50000000e-01  7.11840855e-03  3.50000000e-01 -1.03180264e-11 
 3.60000000e-01  4.15419554e-03  3.60000000e-01 -8.25341997e-12 
 3.70000000e-01  2.45966916e-03  3.70000000e-01 -6.59454734e-12 
 3.80000000e-01  1.46984650e-03  3.80000000e-01 -5.27153039e-12 
 3.90000000e-01  8.84564865e-04  3.90000000e-01 -4.22180129e-12 
 4.00000000e-01  5.35169859e-04  4.00000000e-01 -3.39217928e-12 
