 0.00000000e+00  5.99999665e-01  0.00000000e+00 -6.09277169e-13 
 1.00000000e-02  5.99999568e-01  1.00000000e-02 -6.11671141e-13 
 2.00000000e-02  5.99999496e-01  2.00000000e-02 -6.15682852e-13 
 3.00000000e-02  5.99999425e-01  3.00000000e-02 -6.20496113e-13 
 4.00000000e-02  5.99999341e-01  4.00000000e-02 -6.26850568e-13 
 5.00000000e-02  5.99999242e-01  5.00000000e-02 -6.35239691e-13 
 6.00000000e-02  5.99999125e-01  6.00000000e-02 -6.46314870e-13 
 7.00000000e-02  5.99998983e-01  7.00000000e-02 -6.60936366e-13 
 8.00000000e-02  5.99998810e-01  8.00000000e-02 -6.80238580e-13 
 9.00000000e-02  5.99998596e-01  9.00000000e-02 -7.05720259e-13 
 1.00000000e-01  5.99998326e-01  1.00000000e-01 -7.39359691e-13 
 1.10000000e-01  5.99997979e-01  1.10000000e-01 -7.83769100e-13 
 1.20000000e-01  5.99997525e-01  1.20000000e-01 -8.42391315e-13 
 1.30000000e-01  5.99996920e-01  1.30000000e-01 -9.19776570e-13 
 1.40000000e-01  5.99996097e-01  1.40000000e-01 -1.02193194e-12 
 1.50000000e-01  5.99994957e-01  1.50000000e-01 -1.15677330e-12 
 1.60000000e-01  5.99993355e-01  1.60000000e-01 -1.33476032e-12 
 1.70000000e-01  5.99991071e-01  1.70000000e-01 -1.56969668e-12 
 1.80000000e-01  5.99987772e-01  1.80000000e-01 -1.87978143e-12 
 1.90000000e-01  5.99982959e-01  1.90000000e-01 -2.28904347e-12 
 2.00000000e-01  5.99975874e-01  2.00000000e-01 -2.82916415e-12 
 2.10000000e-01  5.99965371e-01  2.10000000e-01 -3.54194983e-12 
 2.20000000e-01  5.99949700e-01  2.20000000e-01 -4.48253077e-12 
 2.30000000e-01  5.99926196e-01  2.30000000e-01 -5.72359320e-12 
 2.40000000e-01  5.99890779e-01  2.40000000e-01 -7.36095050e-12 
 2.50000000e-01  5.99837186e-01  2.50000000e-01 -9.52081106e-12 
 2.60000000e-01  5.99755770e-01  2.60000000e-01 -1.23694348e-11 
 2.70000000e-01  5.99631594e-01  2.70000000e-01 -1.61255377e-11 
 2.80000000e-01  5.99441413e-01  2.80000000e-01 -2.10766319e-11 
 2.90000000e-01  5.99148775e-01  2.90000000e-01 -2.75999432e-11 
 3.00000000e-01  5.98695943e-01  3.00000000e-01 -3.61892560e-11 
 3.10000000e-01  5.97990155e-01  3.10000000e-01 -4.74883073e-11 
 3.20000000e-01  5.96879196e-01  3.20000000e-01 -6.23308438e-11 
 3.30000000e-01  5.95104917e-01  3.30000000e-01 -8.17842106e-11 
 3.40000000e-01  5.92205065e-01  3.40000000e-01 -1.07184060e-10 
 3.50000000e-01  5.87268465e-01  3.50000000e-01 -1.40114251e-10 
 3.60000000e-01  5.78132075e-01  3.60000000e-01 -1.82133600e-10 
 3.70000000e-01  5.53787513e-01  3.70000000e-01 -2.31835890e-10 
 3.80000000e-01  4.38103671e-01  3.80000000e-01 -2.57297153e-10 
 3.90000000e-01  2.82014975e-01  3.90000000e-01 -2.57854450e-10 
 4.00000000e-01  1.44920308e-01  4.00000000e-01 -2.49179809e-10 
 4.10000000e-01  5.19082305e-02  4.10000000e-01 -2.28353766e-10 
 4.20000000e-01  2.36027418e-02  4.20000000e-01 -1.95366608e-10 
 4.30000000e-01  1.31030969e-02  4.30000000e-01 -1.63597017e-10 
 4.40000000e-01  7.72101161e-03  4.40000000e-01 -1.35765507e-10 
 4.50000000e-01  4.66290399e-03  4.50000000e-01 -1.11963942e-10 
 4.60000000e-01  2.84764939e-03  4.60000000e-01 -9.18592953e-11 
 4.70000000e-01  1.74838821e-03  4.70000000e-01 -7.50229697e-11 
 4.80000000e-01  1.07604013e-03  4.80000000e-01 -6.10217204e-11 
 4.90000000e-01  6.62074512e-04  4.90000000e-01 -4.94491300e-11 
 5.00000000e-01  4.08157213e-04  5.00000000e-01 -3.99370694e-11 
 5.10000000e-01  2.51629142e-04  5.10000000e-01 -3.21592832e-11 
 5.20000000e-01  1.55173467e-04  5.20000000e-01 -2.58305981e-11 
 5.30000000e-01  9.57691761e-05  5.30000000e-01 -2.07047481e-11 
 5.40000000e-01  5.91945195e-05  5.40000000e-01 -1.65711246e-11 
 5.50000000e-01  3.66730370e-05  5.50000000e-01 -1.32512448e-11 
 5.60000000e-01  2.27954319e-05  5.60000000e-01 -1.05950567e-11 
 5.70000000e-01  1.42322893e-05  5.70000000e-01 -8.47740769e-12 
 5.80000000e-01  8.93686530e-06  5.80000000e-01 -6.79464595e-12 
 5.90000000e-01  5.65205842e-06  5.90000000e-01 -5.46149421e-12 
 6.00000000e-01  3.60609699e-06  6.00000000e-01 -4.40823999e-12 
