 0.00000000e+00  1.39999998e+00  0.00000000e+00 -1.42444411e-12 
 1.00000000e-02  1.39999998e+00  1.00000000e-02 -1.43092255e-12 
 2.00000000e-02  1.39999998e+00  2.00000000e-02 -1.44163728e-12 
 3.00000000e-02  1.39999998e+00  3.00000000e-02 -1.45443466e-12 
 4.00000000e-02  1.39999998e+00  4.00000000e-02 -1.47123058e-12 
 5.00000000e-02  1.39999998e+00  5.00000000e-02 -1.49327458e-12 
 6.00000000e-02  1.39999998e+00  6.00000000e-02 -1.52220500e-12 
 7.00000000e-02  1.39999998e+00  7.00000000e-02 -1.56017484e-12 
 8.00000000e-02  1.39999997e+00  8.00000000e-02 -1.61000803e-12 
 9.00000000e-02  1.39999997e+00  9.00000000e-02 -1.67540862e-12 
 1.00000000e-01  1.39999997e+00  1.00000000e-01 -1.76123981e-12 
 1.10000000e-01  1.39999997e+00  1.10000000e-01 -1.87388223e-12 
 1.20000000e-01  1.39999997e+00  1.20000000e-01 -2.02170854e-12 
 1.30000000e-01  1.39999996e+00  1.30000000e-01 -2.21570527e-12 
 1.40000000e-01  1.39999996e+00  1.40000000e-01 -2.47028775e-12 
 1.50000000e-01  1.39999995e+00  1.50000000e-01 -2.80436828e-12 
 1.60000000e-01  1.39999994e+00  1.60000000e-01 -3.24276131e-12 
 1.70000000e-01  1.39999993e+00  1.70000000e-01 -3.81801903e-12 
 1.80000000e-01  1.39999992e+00  1.80000000e-01 -4.57284276e-12 
 1.90000000e-01  1.39999989e+00  1.90000000e-01 -5.56324550e-12 
 2.00000000e-01  1.39999987e+00  2.00000000e-01 -6.86269130e-12 
 2.10000000e-01  1.39999983e+00  2.10000000e-01 -8.56752494e-12 
 2.20000000e-01  1.39999978e+00  2.20000000e-01 -1.08040782e-11 
 2.30000000e-01  1.39999972e+00  2.30000000e-01 -1.37379895e-11 
 2.40000000e-01  1.39999964e+00  2.40000000e-01 -1.75863936e-11 
 2.50000000e-01  1.39999952e+00  2.50000000e-01 -2.26338799e-11 
 2.60000000e-01  1.39999937e+00  2.60000000e-01 -2.92533777e-11 
 2.70000000e-01  1.39999916e+00  2.70000000e-01 -3.79334589e-11 
 2.80000000e-01  1.39999889e+00  2.80000000e-01 -4.93140258e-11 
 2.90000000e-01  1.39999851e+00  2.90000000e-01 -6.42329370e-11 
 3.00000000e-01  1.39999802e+00  3.00000000e-01 -8.37868504e-11 
 3.10000000e-01  1.39999734e+00  3.10000000e-01 -1.09410600e-10 
 3.20000000e-01  1.39999644e+00  3.20000000e-01 -1.42980609e-10 
 3.30000000e-01  1.39999523e+00  3.30000000e-01 -1.86949518e-10 
 3.40000000e-01  1.39999359e+00  3.40000000e-01 -2.44521217e-10 
 3.50000000e-01  1.39999137e+00  3.50000000e-01 -3.19878090e-10 
 3.60000000e-01  1.39998839e+00  3.60000000e-01 -4.18475581e-10 
 3.70000000e-01  1.39998435e+00  3.70000000e-01 -5.47423367e-10 
 3.80000000e-01  1.39997890e+00  3.80000000e-01 -7.15977533e-10 
 3.90000000e-01  1.39997153e+00  3.90000000e-01 -9.36174529e-10 
 4.00000000e-01  1.39996155e+00  4.00000000e-01 -1.22364558e-09 
 4.10000000e-01  1.39994804e+00  4.10000000e-01 -1.59865964e-09 
 4.20000000e-01  1.39992974e+00  4.20000000e-01 -2.08745411e-09 
 4.30000000e-01  1.39990492e+00  4.30000000e-01 -2.72392548e-09 
 4.40000000e-01  1.39987125e+00  4.40000000e-01 -3.55176752e-09 
 4.50000000e-01  1.39982557e+00  4.50000000e-01 -4.62715982e-09 
 4.60000000e-01  1.39976354e+00  4.60000000e-01 -6.02212689e-09 
 4.70000000e-01  1.39967929e+00  4.70000000e-01 -7.82870441e-09 
 4.80000000e-01  1.39956484e+00  4.80000000e-01 -1.01640606e-08 
 4.90000000e-01  1.39940930e+00  4.90000000e-01 -1.31767289e-08 
 5.00000000e-01  1.39919789e+00  5.00000000e-01 -1.70541008e-08 
 5.10000000e-01  1.39891049e+00  5.10000000e-01 -2.20313055e-08 
 5.20000000e-01  1.39851974e+00  5.20000000e-01 -2.84015459e-08 
 5.30000000e-01  1.39798838e+00  5.30000000e-01 -3.65278705e-08 
 5.40000000e-01  1.39726561e+00  5.40000000e-01 -4.68561993e-08 
 5.50000000e-01  1.39628197e+00  5.50000000e-01 -5.99291833e-08 
 5.60000000e-01  1.39494206e+00  5.60000000e-01 -7.64001067e-08 
 5.70000000e-01  1.39311378e+00  5.70000000e-01 -9.70454817e-08 
 5.80000000e-01  1.39061186e+00  5.80000000e-01 -1.22774083e-07 
 5.90000000e-01  1.38717110e+00  5.90000000e-01 -1.54628618e-07 
 6.00000000e-01  1.38239912e+00  6.00000000e-01 -1.93773117e-07 
 6.10000000e-01  1.37568369e+00  6.10000000e-01 -2.41451796e-07 
 6.20000000e-01  1.36598153e+00  6.20000000e-01 -2.98883646e-07 
 6.30000000e-01  1.35122055e+00  6.30000000e-01 -3.66974525e-07 
 6.40000000e-01  1.32590212e+00  6.40000000e-01 -4.45261087e-07 
 6.50000000e-01  1.24633819e+00  6.50000000e-01 -5.18700133e-07 
 6.60000000e-01  1.04429576e+00  6.60000000e-01 -5.49306724e-07 
 6.70000000e-01  8.32556400e-01  6.70000000e-01 -5.62675843e-07 
 6.80000000e-01  6.33606318e-01  6.80000000e-01 -5.63982438e-07 
 6.90000000e-01  4.53425279e-01  6.90000000e-01 -5.54792506e-07 
 7.00000000e-01  2.94690101e-01  7.00000000e-01 -5.36564201e-07 
 7.10000000e-01  1.60519834e-01  7.10000000e-01 -5.10214975e-07 
 7.20000000e-01  7.01438514e-02  7.20000000e-01 -4.72068115e-07 
 7.30000000e-01  3.88931216e-02  7.30000000e-01 -4.21302974e-07 
 7.40000000e-01  2.57787661e-02  7.40000000e-01 -3.71483766e-07 
 7.50000000e-01  1.82123172e-02  7.50000000e-01 -3.26063249e-07 
 7.60000000e-01  1.32924737e-02  7.60000000e-01 -2.85433103e-07 
 7.70000000e-01  9.90189492e-03  7.70000000e-01 -2.49416232e-07 
 7.80000000e-01  7.47870931e-03  7.80000000e-01 -2.17670143e-07 
 7.90000000e-01  5.72107117e-03  7.90000000e-01 -1.89798043e-07 
 8.00000000e-01  4.41805115e-03  8.00000000e-01 -1.65400907e-07 
 8.10000000e-01  3.44007194e-03  8.10000000e-01 -1.44092641e-07 
 8.20000000e-01  2.69862658e-03  8.20000000e-01 -1.25512547e-07 
 8.30000000e-01  2.13151512e-03  8.30000000e-01 -1.09330184e-07 
 8.40000000e-01  1.69429374e-03  8.40000000e-01 -9.52470539e-08 
 8.50000000e-01  1.35475256e-03  8.50000000e-01 -8.29963784e-08 
 8.60000000e-01  1.08927600e-03  8.60000000e-01 -7.23417117e-08 
 8.70000000e-01  8.80380170e-04  8.70000000e-01 -6.30748620e-08 
 8.80000000e-01  7.15010417e-04  8.80000000e-01 -5.50134592e-08 
 8.90000000e-01  5.83344752e-04  8.90000000e-01 -4.79983911e-08 
 9.00000000e-01  4.77941312e-04  9.00000000e-01 -4.18912585e-08 
 9.10000000e-01  3.93124327e-04  9.10000000e-01 -3.65719467e-08 
 9.20000000e-01  3.24537747e-04  9.20000000e-01 -3.19363703e-08 
 9.30000000e-01  2.68818162e-04  9.30000000e-01 -2.78944222e-08 
 9.40000000e-01  2.23353422e-04  9.40000000e-01 -2.43681354e-08 
 9.50000000e-01  1.86103339e-04  9.50000000e-01 -2.12900556e-08 
 9.60000000e-01  1.55465696e-04  9.60000000e-01 -1.86018135e-08 
 9.70000000e-01  1.30175526e-04  9.70000000e-01 -1.62528801e-08 
 9.80000000e-01  1.09228985e-04  9.80000000e-01 -1.41994885e-08 
 9.90000000e-01  9.18254850e-05  9.90000000e-01 -1.24037023e-08 
 1.00000000e+00  7.73234907e-05  1.00000000e+00 -1.08326128e-08 
 1.01000000e+00  6.52065573e-05  1.01000000e+00 -9.45765016e-09 
 1.02000000e+00  5.50571145e-05  1.02000000e+00 -8.25398987e-09 
 1.03000000e+00  4.65361222e-05  1.03000000e+00 -7.20004461e-09 
 1.04000000e+00  3.93672037e-05  1.04000000e+00 -6.27702703e-09 
 1.05000000e+00  3.33242110e-05  1.05000000e+00 -5.46857428e-09 
 1.06000000e+00  2.82214331e-05  1.06000000e+00 -4.76042511e-09 
 1.07000000e+00  2.39058482e-05  1.07000000e+00 -4.14014169e-09 
 1.08000000e+00  2.02509664e-05  1.08000000e+00 -3.59686990e-09 
 1.09000000e+00  1.71519129e-05  1.09000000e+00 -3.12113228e-09 
 1.10000000e+00  1.45214864e-05  1.10000000e+00 -2.70464913e-09 
 1.11000000e+00  1.22869841e-05  1.11000000e+00 -2.34018306e-09 
 1.12000000e+00  1.03876353e-05  1.12000000e+00 -2.02140471e-09 
 1.13000000e+00  8.77251763e-06  1.13000000e+00 -1.74277554e-09 
 1.14000000e+00  7.39885949e-06  1.14000000e+00 -1.49944604e-09 
 1.15000000e+00  6.23065130e-06  1.15000000e+00 -1.28716663e-09 
 1.16000000e+00  5.23750625e-06  1.16000000e+00 -1.10221022e-09 
 1.17000000e+00  4.39372241e-06  1.17000000e+00 -9.41304218e-10 
 1.18000000e+00  3.67750865e-06  1.18000000e+00 -8.01571214e-10 
 1.19000000e+00  3.07034441e-06  1.19000000e+00 -6.80477232e-10 
 1.20000000e+00  2.55644915e-06  1.20000000e+00 -5.75786432e-10 
 1.21000000e+00  2.12234258e-06  1.21000000e+00 -4.85522076e-10 
 1.22000000e+00  1.75647987e-06  1.22000000e+00 -4.07932514e-10 
 1.23000000e+00  1.44894944e-06  1.23000000e+00 -3.41462290e-10 
 1.24000000e+00  1.19122271e-06  1.24000000e+00 -2.84727340e-10 
 1.25000000e+00  9.75947353e-07  1.25000000e+00 -2.36494268e-10 
 1.26000000e+00  7.96776465e-07  1.26000000e+00 -1.95662886e-10 
 1.27000000e+00  6.48227401e-07  1.27000000e+00 -1.61251883e-10 
 1.28000000e+00  5.25564815e-07  1.28000000e+00 -1.32386674e-10 
 1.29000000e+00  4.24703164e-07  1.29000000e+00 -1.08289445e-10 
 1.30000000e+00  3.42124666e-07  1.30000000e+00 -8.82706584e-11 
 1.31000000e+00  2.74809368e-07  1.31000000e+00 -7.17215641e-11 
 1.32000000e+00  2.20174642e-07  1.32000000e+00 -5.81075506e-11 
 1.33000000e+00  1.76022033e-07  1.33000000e+00 -4.69619188e-11 
 1.34000000e+00  1.40489885e-07  1.34000000e+00 -3.78799030e-11 
 1.35000000e+00  1.12010752e-07  1.35000000e+00 -3.05129958e-11 
 1.36000000e+00  8.92728667e-08  1.36000000e+00 -2.45633327e-11 
 1.37000000e+00  7.11852493e-08  1.37000000e+00 -1.97781769e-11 
 1.38000000e+00  5.68462185e-08  1.38000000e+00 -1.59446887e-11 
 1.39000000e+00  4.55151467e-08  1.39000000e+00 -1.28849444e-11 
 1.40000000e+00  3.65873480e-08  1.40000000e+00 -1.04512152e-11 
