 0.00000000e+00  1.00000169e+00  0.00000000e+00 -1.01575150e-12 
 1.00000000e-02  1.00000003e+00  1.00000000e-02 -1.01990779e-12 
 2.00000000e-02  9.99999965e-01  2.00000000e-02 -1.02681958e-12 
 3.00000000e-02  9.99999964e-01  3.00000000e-02 -1.03509324e-12 
 4.00000000e-02  9.99999962e-01  4.00000000e-02 -1.04598350e-12 
 5.00000000e-02  9.99999960e-01  5.00000000e-02 -1.06031763e-12 
 6.00000000e-02  9.99999958e-01  6.00000000e-02 -1.07918568e-12 
 7.00000000e-02  9.99999955e-01  7.00000000e-02 -1.10402063e-12 
 8.00000000e-02  9.99999951e-01  8.00000000e-02 -1.13670922e-12 
 9.00000000e-02  9.99999947e-01  9.00000000e-02 -1.17973535e-12 
 1.00000000e-01  9.99999942e-01  1.00000000e-01 -1.23636659e-12 
 1.10000000e-01  9.99999935e-01  1.10000000e-01 -1.31090440e-12 
 1.20000000e-01  9.99999927e-01  1.20000000e-01 -1.40900930e-12 
 1.30000000e-01  9.99999916e-01  1.30000000e-01 -1.53813008e-12 
 1.40000000e-01  9.99999901e-01  1.40000000e-01 -1.70806912e-12 
 1.50000000e-01  9.99999881e-01  1.50000000e-01 -1.93172615e-12 
 1.60000000e-01  9.99999855e-01  1.60000000e-01 -2.22607143e-12 
 1.70000000e-01  9.99999818e-01  1.70000000e-01 -2.61343757e-12 
 1.80000000e-01  9.99999768e-01  1.80000000e-01 -3.12320178e-12 
 1.90000000e-01  9.99999698e-01  1.90000000e-01 -3.79401296e-12 
 2.00000000e-01  9.99999600e-01  2.00000000e-01 -4.67671073e-12 
 2.10000000e-01  9.99999463e-01  2.10000000e-01 -5.83816177e-12 
 2.20000000e-01  9.99999267e-01  2.20000000e-01 -7.36630494e-12 
 2.30000000e-01  9.99998990e-01  2.30000000e-01 -9.37677496e-12 
 2.40000000e-01  9.99998592e-01  2.40000000e-01 -1.20216082e-11 
 2.50000000e-01  9.99998020e-01  2.50000000e-01 -1.55006340e-11 
 2.60000000e-01  9.99997196e-01  2.60000000e-01 -2.00765057e-11 
 2.70000000e-01  9.99996003e-01  2.70000000e-01 -2.60943093e-11 
 2.80000000e-01  9.99994269e-01  2.80000000e-01 -3.40073438e-11 
 2.90000000e-01  9.99991742e-01  2.90000000e-01 -4.44109029e-11 
 3.00000000e-01  9.99988049e-01  3.00000000e-01 -5.80863651e-11 
 3.10000000e-01  9.99982639e-01  3.10000000e-01 -7.60590605e-11 
 3.20000000e-01  9.99974695e-01  3.20000000e-01 -9.96737292e-11 
 3.30000000e-01  9.99963004e-01  3.30000000e-01 -1.30693037e-10 
 3.40000000e-01  9.99945767e-01  3.40000000e-01 -1.71426007e-10 
 3.50000000e-01  9.99920313e-01  3.50000000e-01 -2.24895127e-10 
 3.60000000e-01  9.99882666e-01  3.60000000e-01 -2.95053204e-10 
 3.70000000e-01  9.99826912e-01  3.70000000e-01 -3.87064463e-10 
 3.80000000e-01  9.99744238e-01  3.80000000e-01 -5.07667342e-10 
 3.90000000e-01  9.99621493e-01  3.90000000e-01 -6.65641390e-10 
 4.00000000e-01  9.99439011e-01  4.00000000e-01 -8.72404603e-10 
 4.10000000e-01  9.99167282e-01  4.10000000e-01 -1.14277292e-09 
 4.20000000e-01  9.98761794e-01  4.20000000e-01 -1.49591663e-09 
 4.30000000e-01  9.98154849e-01  4.30000000e-01 -1.95654784e-09 
 4.40000000e-01  9.97242130e-01  4.40000000e-01 -2.55636256e-09 
 4.50000000e-01  9.95859459e-01  4.50000000e-01 -3.33572357e-09 
 4.60000000e-01  9.93739375e-01  4.60000000e-01 -4.34546496e-09 
 4.70000000e-01  9.90419991e-01  4.70000000e-01 -5.64839006e-09 
 4.80000000e-01  9.85016918e-01  4.80000000e-01 -7.31898570e-09 
 4.90000000e-01  9.75469974e-01  4.90000000e-01 -9.43512340e-09 
 5.00000000e-01  9.51566917e-01  5.00000000e-01 -1.19875794e-08 
 5.10000000e-01  8.25307519e-01  5.10000000e-01 -1.37868327e-08 
 5.20000000e-01  6.32492858e-01  5.20000000e-01 -1.45006578e-08 
 5.30000000e-01  4.50736264e-01  5.30000000e-01 -1.48280997e-08 
 5.40000000e-01  2.89117959e-01  5.40000000e-01 -1.47580417e-08 
 5.50000000e-01  1.53918919e-01  5.50000000e-01 -1.43116286e-08 
 5.60000000e-01  6.06273303e-02  5.60000000e-01 -1.34073720e-08 
 5.70000000e-01  2.87817001e-02  5.70000000e-01 -1.19877939e-08 
 5.80000000e-01  1.70664116e-02  5.80000000e-01 -1.05579361e-08 
 5.90000000e-01  1.08968139e-02  5.90000000e-01 -9.25876476e-09 
 6.00000000e-01  7.20602926e-03  6.00000000e-01 -8.10235085e-09 
 6.10000000e-01  4.86385280e-03  6.10000000e-01 -7.08069237e-09 
 6.20000000e-01  3.32946436e-03  6.20000000e-01 -6.18127181e-09 
 6.30000000e-01  2.30058205e-03  6.30000000e-01 -5.39099347e-09 
 6.40000000e-01  1.60632846e-03  6.40000000e-01 -4.69737070e-09 
 6.50000000e-01  1.12982343e-03  6.50000000e-01 -4.08904016e-09 
 6.60000000e-01  7.99924218e-04  6.60000000e-01 -3.55578482e-09 
 6.70000000e-01  5.69854743e-04  6.70000000e-01 -3.08853347e-09 
 6.80000000e-01  4.08328427e-04  6.80000000e-01 -2.67927833e-09 
 6.90000000e-01  2.94216760e-04  6.90000000e-01 -2.32097413e-09 
 7.00000000e-01  2.13125473e-04  7.00000000e-01 -2.00743436e-09 
 7.10000000e-01  1.55173574e-04  7.10000000e-01 -1.73323255e-09 
 7.20000000e-01  1.13532320e-04  7.20000000e-01 -1.49361104e-09 
 7.30000000e-01  8.34530487e-05  7.30000000e-01 -1.28439867e-09 
 7.40000000e-01  6.16143125e-05  7.40000000e-01 -1.10193742e-09 
 7.50000000e-01  4.56799920e-05  7.50000000e-01 -9.43017010e-10 
 7.60000000e-01  3.39981682e-05  7.60000000e-01 -8.04817497e-10 
 7.70000000e-01  2.53946321e-05  7.70000000e-01 -6.84858575e-10 
 7.80000000e-01  1.90304717e-05  7.80000000e-01 -5.80955179e-10 
 7.90000000e-01  1.43033147e-05  7.90000000e-01 -4.91178766e-10 
 8.00000000e-01  1.07784874e-05  8.00000000e-01 -4.13823638e-10 
 8.10000000e-01  8.14078670e-06  8.10000000e-01 -3.47377847e-10 
 8.20000000e-01  6.16052984e-06  8.20000000e-01 -2.90498356e-10 
 8.30000000e-01  4.66954350e-06  8.30000000e-01 -2.41989815e-10 
 8.40000000e-01  3.54410470e-06  8.40000000e-01 -2.00786909e-10 
 8.50000000e-01  2.69276681e-06  8.50000000e-01 -1.65939372e-10 
 8.60000000e-01  2.04763297e-06  8.60000000e-01 -1.36599738e-10 
 8.70000000e-01  1.55807284e-06  8.70000000e-01 -1.12013093e-10 
 8.80000000e-01  1.18617788e-06  8.80000000e-01 -9.15084742e-11 
 8.90000000e-01  9.03458644e-07  8.90000000e-01 -7.44915617e-11 
 9.00000000e-01  6.88432906e-07  9.00000000e-01 -6.04382162e-11 
 9.10000000e-01  5.24855354e-07  9.10000000e-01 -4.88887004e-11 
 9.20000000e-01  4.00411425e-07  9.20000000e-01 -3.94422216e-11 
 9.30000000e-01  3.05748450e-07  9.30000000e-01 -3.17517453e-11 
 9.40000000e-01  2.33753199e-07  9.40000000e-01 -2.55188890e-11 
 9.50000000e-01  1.79010507e-07  9.50000000e-01 -2.04889881e-11 
 9.60000000e-01  1.37395713e-07  9.60000000e-01 -1.64463821e-11 
 9.70000000e-01  1.05766550e-07  9.70000000e-01 -1.32096580e-11 
 9.80000000e-01  8.17294385e-08  9.80000000e-01 -1.06274229e-11 
 9.90000000e-01  6.34617165e-08  9.90000000e-01 -8.57418086e-12 
 1.00000000e+00  4.95761677e-08  1.00000000e+00 -6.94656322e-12 
