 0.00000000e+00  7.99999931e-01  0.00000000e+00 -8.12268330e-13 
 1.00000000e-02  7.99999925e-01  1.00000000e-02 -8.15484399e-13 
 2.00000000e-02  7.99999918e-01  2.00000000e-02 -8.20844261e-13 
 3.00000000e-02  7.99999911e-01  3.00000000e-02 -8.27267616e-13 
 4.00000000e-02  7.99999902e-01  4.00000000e-02 -8.35735344e-13 
 5.00000000e-02  7.99999892e-01  5.00000000e-02 -8.46897422e-13 
 6.00000000e-02  7.99999880e-01  6.00000000e-02 -8.61611238e-13 
 7.00000000e-02  7.99999865e-01  7.00000000e-02 -8.81007073e-13 
 8.00000000e-02  7.99999847e-01  8.00000000e-02 -9.06573970e-13 
 9.00000000e-02  7.99999825e-01  9.00000000e-02 -9.40276069e-13 
 1.00000000e-01  7.99999797e-01  1.00000000e-01 -9.84701361e-13 
 1.10000000e-01  7.99999762e-01  1.10000000e-01 -1.04325912e-12 
 1.20000000e-01  7.99999716e-01  1.20000000e-01 -1.12044608e-12 
 1.30000000e-01  7.99999654e-01  1.30000000e-01 -1.22218544e-12 
 1.40000000e-01  7.99999571e-01  1.40000000e-01 -1.35628618e-12 
 1.50000000e-01  7.99999457e-01  1.50000000e-01 -1.53303672e-12 
 1.60000000e-01  7.99999298e-01  1.60000000e-01 -1.76600238e-12 
 1.70000000e-01  7.99999074e-01  1.70000000e-01 -2.07303467e-12 
 1.80000000e-01  7.99998754e-01  1.80000000e-01 -2.47767952e-12 
 1.90000000e-01  7.99998293e-01  1.90000000e-01 -3.01095043e-12 
 2.00000000e-01  7.99997623e-01  2.00000000e-01 -3.71370166e-12 
 2.10000000e-01  7.99996644e-01  2.10000000e-01 -4.63974703e-12 
 2.20000000e-01  7.99995203e-01  2.20000000e-01 -5.85996410e-12 
 2.30000000e-01  7.99993076e-01  2.30000000e-01 -7.46769573e-12 
 2.40000000e-01  7.99989923e-01  2.40000000e-01 -9.58581988e-12 
 2.50000000e-01  7.99985239e-01  2.50000000e-01 -1.23761267e-11 
 2.60000000e-01  7.99978262e-01  2.60000000e-01 -1.60515206e-11 
 2.70000000e-01  7.99967851e-01  2.70000000e-01 -2.08921650e-11 
 2.80000000e-01  7.99952293e-01  2.80000000e-01 -2.72665314e-11 
 2.90000000e-01  7.99929013e-01  2.90000000e-01 -3.56591286e-11 
 3.00000000e-01  7.99894139e-01  3.00000000e-01 -4.67067561e-11 
 3.10000000e-01  7.99841838e-01  3.10000000e-01 -6.12457487e-11 
 3.20000000e-01  7.99763319e-01  3.20000000e-01 -8.03739276e-11 
 3.30000000e-01  7.99645291e-01  3.30000000e-01 -1.05530900e-10 
 3.40000000e-01  7.99467609e-01  3.40000000e-01 -1.38602217e-10 
 3.50000000e-01  7.99199594e-01  3.50000000e-01 -1.82053691e-10 
 3.60000000e-01  7.98794214e-01  3.60000000e-01 -2.39102797e-10 
 3.70000000e-01  7.98178614e-01  3.70000000e-01 -3.13934773e-10 
 3.80000000e-01  7.97238142e-01  3.80000000e-01 -4.11968471e-10 
 3.90000000e-01  7.95787782e-01  3.90000000e-01 -5.40168966e-10 
 4.00000000e-01  7.93516512e-01  4.00000000e-01 -7.07377016e-10 
 4.10000000e-01  7.89863831e-01  4.10000000e-01 -9.24541752e-10 
 4.20000000e-01  7.83684170e-01  4.20000000e-01 -1.20442206e-09 
 4.30000000e-01  7.71976851e-01  4.30000000e-01 -1.55863065e-09 
 4.40000000e-01  7.30058955e-01  4.40000000e-01 -1.94895246e-09 
 4.50000000e-01  5.71765960e-01  4.50000000e-01 -2.10790783e-09 
 4.60000000e-01  4.00838026e-01  4.60000000e-01 -2.16074268e-09 
 4.70000000e-01  2.47051406e-01  4.70000000e-01 -2.14984078e-09 
 4.80000000e-01  1.19493935e-01  4.80000000e-01 -2.07581336e-09 
 4.90000000e-01  4.46764389e-02  4.90000000e-01 -1.91060447e-09 
 5.00000000e-01  2.26560711e-02  5.00000000e-01 -1.68050088e-09 
 5.10000000e-01  1.34127026e-02  5.10000000e-01 -1.46010965e-09 
 5.20000000e-01  8.36381943e-03  5.20000000e-01 -1.26175770e-09 
 5.30000000e-01  5.34699350e-03  5.30000000e-01 -1.08613847e-09 
 5.40000000e-01  3.46489248e-03  5.40000000e-01 -9.31833554e-10 
 5.50000000e-01  2.26369394e-03  5.50000000e-01 -7.96899071e-10 
 5.60000000e-01  1.48460563e-03  5.60000000e-01 -6.79328454e-10 
 5.70000000e-01  9.79068212e-04  5.70000000e-01 -5.77205564e-10 
 5.80000000e-01  6.47268743e-04  5.80000000e-01 -4.88770229e-10 
 5.90000000e-01  4.28740471e-04  5.90000000e-01 -4.12423746e-10 
 6.00000000e-01  2.84480154e-04  6.00000000e-01 -3.46727754e-10 
 6.10000000e-01  1.89066606e-04  6.10000000e-01 -2.90393128e-10 
 6.20000000e-01  1.25858673e-04  6.20000000e-01 -2.42266180e-10 
 6.30000000e-01  8.39242364e-05  6.30000000e-01 -2.01315218e-10 
 6.40000000e-01  5.60635239e-05  6.40000000e-01 -1.66617882e-10 
 6.50000000e-01  3.75260261e-05  6.50000000e-01 -1.37350190e-10 
 6.60000000e-01  2.51726838e-05  6.60000000e-01 -1.12777000e-10 
 6.70000000e-01  1.69266475e-05  6.70000000e-01 -9.22438606e-11 
 6.80000000e-01  1.14122393e-05  6.80000000e-01 -7.51699808e-11 
 6.90000000e-01  7.71717670e-06  6.90000000e-01 -6.10421379e-11 
 7.00000000e-01  5.23575595e-06  7.00000000e-01 -4.94090407e-11 
 7.10000000e-01  3.56531468e-06  7.10000000e-01 -3.98763034e-11 
 7.20000000e-01  2.43780363e-06  7.20000000e-01 -3.21014093e-11 
 7.30000000e-01  1.67452028e-06  7.30000000e-01 -2.57890641e-11 
 7.40000000e-01  1.15613514e-06  7.40000000e-01 -2.06865095e-11 
 7.50000000e-01  8.02824660e-07  7.50000000e-01 -1.65789957e-11 
 7.60000000e-01  5.61088664e-07  7.60000000e-01 -1.32854306e-11 
 7.70000000e-01  3.94993208e-07  7.70000000e-01 -1.06542136e-11 
 7.80000000e-01  2.80346094e-07  7.80000000e-01 -8.55932697e-12 
 7.90000000e-01  2.00817927e-07  7.90000000e-01 -6.89672278e-12 
 8.00000000e-01  1.45355176e-07  8.00000000e-01 -5.58104246e-12 
