 0.00000000e+00  1.19999998e+00  0.00000000e+00 -1.21977851e-12 
 1.00000000e-02  1.19999998e+00  1.00000000e-02 -1.22500773e-12 
 2.00000000e-02  1.19999998e+00  2.00000000e-02 -1.23369630e-12 
 3.00000000e-02  1.19999997e+00  3.00000000e-02 -1.24408578e-12 
 4.00000000e-02  1.19999997e+00  4.00000000e-02 -1.25774022e-12 
 5.00000000e-02  1.19999997e+00  5.00000000e-02 -1.27568767e-12 
 6.00000000e-02  1.19999997e+00  6.00000000e-02 -1.29927601e-12 
 7.00000000e-02  1.19999997e+00  7.00000000e-02 -1.33027964e-12 
 8.00000000e-02  1.19999997e+00  8.00000000e-02 -1.37102732e-12 
 9.00000000e-02  1.19999997e+00  9.00000000e-02 -1.42458322e-12 
 1.00000000e-01  1.19999996e+00  1.00000000e-01 -1.49497808e-12 
 1.10000000e-01  1.19999996e+00  1.10000000e-01 -1.58748665e-12 
 1.20000000e-01  1.19999996e+00  1.20000000e-01 -1.70906561e-12 
 1.30000000e-01  1.19999995e+00  1.30000000e-01 -1.86884893e-12 
 1.40000000e-01  1.19999995e+00  1.40000000e-01 -2.07883634e-12 
 1.50000000e-01  1.19999994e+00  1.50000000e-01 -2.35479648e-12 
 1.60000000e-01  1.19999992e+00  1.60000000e-01 -2.71744530e-12 
 1.70000000e-01  1.19999991e+00  1.70000000e-01 -3.19400127e-12 
 1.80000000e-01  1.19999989e+00  1.80000000e-01 -3.82022072e-12 
 1.90000000e-01  1.19999986e+00  1.90000000e-01 -4.64307293e-12 
 2.00000000e-01  1.19999982e+00  2.00000000e-01 -5.72425213e-12 
 2.10000000e-01  1.19999977e+00  2.10000000e-01 -7.14478216e-12 
 2.20000000e-01  1.19999970e+00  2.20000000e-01 -9.01106446e-12 
 2.30000000e-01  1.19999960e+00  2.30000000e-01 -1.14628075e-11 
 2.40000000e-01  1.19999947e+00  2.40000000e-01 -1.46834172e-11 
 2.50000000e-01  1.19999929e+00  2.50000000e-01 -1.89136334e-11 
 2.60000000e-01  1.19999904e+00  2.60000000e-01 -2.44693845e-11 
 2.70000000e-01  1.19999870e+00  2.70000000e-01 -3.17651491e-11 
 2.80000000e-01  1.19999823e+00  2.80000000e-01 -4.13446060e-11 
 2.90000000e-01  1.19999759e+00  2.90000000e-01 -5.39206451e-11 
 3.00000000e-01  1.19999669e+00  3.00000000e-01 -7.04277301e-11 
 3.10000000e-01  1.19999546e+00  3.10000000e-01 -9.20902244e-11 
 3.20000000e-01  1.19999374e+00  3.20000000e-01 -1.20511672e-10 
 3.30000000e-01  1.19999135e+00  3.30000000e-01 -1.57791063e-10 
 3.40000000e-01  1.19998802e+00  3.40000000e-01 -2.06674266e-10 
 3.50000000e-01  1.19998337e+00  3.50000000e-01 -2.70750910e-10 
 3.60000000e-01  1.19997685e+00  3.60000000e-01 -3.54709951e-10 
 3.70000000e-01  1.19996769e+00  3.70000000e-01 -4.64670760e-10 
 3.80000000e-01  1.19995479e+00  3.80000000e-01 -6.08611205e-10 
 3.90000000e-01  1.19993659e+00  3.90000000e-01 -7.96919715e-10 
 4.00000000e-01  1.19991085e+00  4.00000000e-01 -1.04310506e-09 
 4.10000000e-01  1.19987433e+00  4.10000000e-01 -1.36470605e-09 
 4.20000000e-01  1.19982243e+00  4.20000000e-01 -1.78445263e-09 
 4.30000000e-01  1.19974848e+00  4.30000000e-01 -2.33174074e-09 
 4.40000000e-01  1.19964286e+00  4.40000000e-01 -3.04449583e-09 
 4.50000000e-01  1.19949168e+00  4.50000000e-01 -3.97151039e-09 
 4.60000000e-01  1.19927479e+00  4.60000000e-01 -5.17535283e-09 
 4.70000000e-01  1.19896290e+00  4.70000000e-01 -6.73594801e-09 
 4.80000000e-01  1.19851324e+00  4.80000000e-01 -8.75492529e-09 
 4.90000000e-01  1.19786300e+00  4.90000000e-01 -1.13607990e-08 
 5.00000000e-01  1.19691910e+00  5.00000000e-01 -1.47149734e-08 
 5.10000000e-01  1.19554160e+00  5.10000000e-01 -1.90183987e-08 
 5.20000000e-01  1.19351516e+00  5.20000000e-01 -2.45183411e-08 
 5.30000000e-01  1.19049564e+00  5.30000000e-01 -3.15138851e-08 
 5.40000000e-01  1.18589634e+00  5.40000000e-01 -4.03565262e-08 
 5.50000000e-01  1.17859598e+00  5.50000000e-01 -5.14346976e-08 
 5.60000000e-01  1.16593043e+00  5.60000000e-01 -6.50957745e-08 
 5.70000000e-01  1.13335581e+00  5.70000000e-01 -8.08929311e-08 
 5.80000000e-01  9.76185303e-01  5.80000000e-01 -9.05992092e-08 
 5.90000000e-01  7.66896669e-01  5.90000000e-01 -9.47909376e-08 
 6.00000000e-01  5.69239650e-01  6.00000000e-01 -9.65334186e-08 
 6.10000000e-01  3.91851586e-01  6.10000000e-01 -9.59032749e-08 
 6.20000000e-01  2.39458534e-01  6.20000000e-01 -9.31160200e-08 
 6.30000000e-01  1.17009422e-01  6.30000000e-01 -8.83160753e-08 
 6.40000000e-01  4.77342534e-02  6.40000000e-01 -8.06481009e-08 
 6.50000000e-01  2.63012790e-02  6.50000000e-01 -7.12643065e-08 
 6.60000000e-01  1.67564448e-02  6.60000000e-01 -6.24841832e-08 
 6.70000000e-01  1.12957663e-02  6.70000000e-01 -5.46550860e-08 
 6.80000000e-01  7.85223721e-03  6.80000000e-01 -4.77604619e-08 
 6.90000000e-01  5.56929777e-03  6.90000000e-01 -4.17187972e-08 
 7.00000000e-01  4.00946218e-03  7.00000000e-01 -3.64366626e-08 
 7.10000000e-01  2.91930919e-03  7.10000000e-01 -3.18235315e-08 
 7.20000000e-01  2.14959304e-03  7.20000000e-01 -2.77962507e-08 
 7.30000000e-01  1.59714478e-03  7.30000000e-01 -2.42806729e-08 
 7.40000000e-01  1.19651881e-03  7.40000000e-01 -2.12112816e-08 
 7.50000000e-01  9.03350019e-04  7.50000000e-01 -1.85306885e-08 
 7.60000000e-01  6.87023060e-04  7.60000000e-01 -1.61888322e-08 
 7.70000000e-01  5.26151676e-04  7.70000000e-01 -1.41421430e-08 
 7.80000000e-01  4.05635065e-04  7.80000000e-01 -1.23527460e-08 
 7.90000000e-01  3.14710561e-04  7.90000000e-01 -1.07877319e-08 
 8.00000000e-01  2.45643338e-04  8.00000000e-01 -9.41850664e-09 
 8.10000000e-01  1.92832247e-04  8.10000000e-01 -8.22021825e-09 
 8.20000000e-01  1.52192450e-04  8.20000000e-01 -7.17125722e-09 
 8.30000000e-01  1.20724901e-04  8.30000000e-01 -6.25282283e-09 
 8.40000000e-01  9.62135178e-05  8.40000000e-01 -5.44854787e-09 
 8.50000000e-01  7.70105201e-05  8.50000000e-01 -4.74417463e-09 
 8.60000000e-01  6.18831988e-05  8.60000000e-01 -4.12727532e-09 
 8.70000000e-01  4.99038250e-05  8.70000000e-01 -3.58701062e-09 
 8.80000000e-01  4.03700704e-05  8.80000000e-01 -3.11392120e-09 
 8.90000000e-01  3.27471461e-05  8.90000000e-01 -2.69974748e-09 
 9.00000000e-01  2.66254976e-05  9.00000000e-01 -2.33727353e-09 
 9.10000000e-01  2.16897012e-05  9.10000000e-01 -2.02019185e-09 
 9.20000000e-01  1.76954742e-05  9.20000000e-01 -1.74298582e-09 
 9.30000000e-01  1.44525907e-05  9.30000000e-01 -1.50082754e-09 
 9.40000000e-01  1.18121191e-05  9.40000000e-01 -1.28948872e-09 
 9.50000000e-01  9.65683842e-06  9.50000000e-01 -1.10526314e-09 
 9.60000000e-01  7.89400388e-06  9.60000000e-01 -9.44898589e-10 
 9.70000000e-01  6.44985832e-06  9.70000000e-01 -8.05537807e-10 
 9.80000000e-01  5.26544721e-06  9.80000000e-01 -6.84666498e-10 
 9.90000000e-01  4.29341231e-06  9.90000000e-01 -5.80068312e-10 
 1.00000000e+00  3.49552372e-06  1.00000000e+00 -4.89785558e-10 
 1.01000000e+00  2.84077218e-06  1.01000000e+00 -4.12085252e-10 
 1.02000000e+00  2.30388838e-06  1.02000000e+00 -3.45429880e-10 
 1.03000000e+00  1.86418954e-06  1.03000000e+00 -2.88452542e-10 
 1.04000000e+00  1.50467771e-06  1.04000000e+00 -2.39935861e-10 
 1.05000000e+00  1.21133239e-06  1.05000000e+00 -1.98794376e-10 
 1.06000000e+00  9.72553581e-07  1.06000000e+00 -1.64059754e-10 
 1.07000000e+00  7.78721305e-07  1.07000000e+00 -1.34868660e-10 
 1.08000000e+00  6.21845339e-07  1.08000000e+00 -1.10452683e-10 
 1.09000000e+00  4.95284874e-07  1.09000000e+00 -9.01295153e-11 
 1.10000000e+00  3.93522215e-07  1.10000000e+00 -7.32958324e-11 
 1.11000000e+00  3.11978388e-07  1.11000000e+00 -5.94206624e-11 
 1.12000000e+00  2.46861316e-07  1.12000000e+00 -4.80392788e-11 
 1.13000000e+00  1.95039526e-07  1.13000000e+00 -3.87476741e-11 
 1.14000000e+00  1.53936085e-07  1.14000000e+00 -3.11968841e-11 
 1.15000000e+00  1.21438884e-07  1.15000000e+00 -2.50878355e-11 
 1.16000000e+00  9.58243726e-08  1.16000000e+00 -2.01659698e-11 
 1.17000000e+00  7.56925586e-08  1.17000000e+00 -1.62163567e-11 
 1.18000000e+00  5.99116340e-08  1.18000000e+00 -1.30587559e-11 
 1.19000000e+00  4.75709203e-08  1.19000000e+00 -1.05431527e-11 
 1.20000000e+00  3.79410591e-08  1.20000000e+00 -8.54545699e-12 
