 0.00000000e+00  1.59999998e+00  0.00000000e+00 -1.62978160e-12 
 1.00000000e-02  1.59999998e+00  1.00000000e-02 -1.63765442e-12 
 2.00000000e-02  1.59999998e+00  2.00000000e-02 -1.65067114e-12 
 3.00000000e-02  1.59999998e+00  3.00000000e-02 -1.66620081e-12 
 4.00000000e-02  1.59999998e+00  4.00000000e-02 -1.68655194e-12 
 5.00000000e-02  1.59999998e+00  5.00000000e-02 -1.71322592e-12 
 6.00000000e-02  1.59999998e+00  6.00000000e-02 -1.74818276e-12 
 7.00000000e-02  1.59999998e+00  7.00000000e-02 -1.79399464e-12 
 8.00000000e-02  1.59999998e+00  8.00000000e-02 -1.85403429e-12 
 9.00000000e-02  1.59999997e+00  9.00000000e-02 -1.93271766e-12 
 1.00000000e-01  1.59999997e+00  1.00000000e-01 -2.03583287e-12 
 1.10000000e-01  1.59999997e+00  1.10000000e-01 -2.17096480e-12 
 1.20000000e-01  1.59999997e+00  1.20000000e-01 -2.34805122e-12 
 1.30000000e-01  1.59999997e+00  1.30000000e-01 -2.58011516e-12 
 1.40000000e-01  1.59999996e+00  1.40000000e-01 -2.88421739e-12 
 1.50000000e-01  1.59999995e+00  1.50000000e-01 -3.28270961e-12 
 1.60000000e-01  1.59999995e+00  1.60000000e-01 -3.80487764e-12 
 1.70000000e-01  1.59999994e+00  1.70000000e-01 -4.48908272e-12 
 1.80000000e-01  1.59999992e+00  1.80000000e-01 -5.38557653e-12 
 1.90000000e-01  1.59999991e+00  1.90000000e-01 -6.56018035e-12 
 2.00000000e-01  1.59999988e+00  2.00000000e-01 -8.09909561e-12 
 2.10000000e-01  1.59999985e+00  2.10000000e-01 -1.01152112e-11 
 2.20000000e-01  1.59999981e+00  2.20000000e-01 -1.27563424e-11 
 2.30000000e-01  1.59999976e+00  2.30000000e-01 -1.62160140e-11 
 2.40000000e-01  1.59999969e+00  2.40000000e-01 -2.07475480e-11 
 2.50000000e-01  1.59999959e+00  2.50000000e-01 -2.66824913e-11 
 2.60000000e-01  1.59999947e+00  2.60000000e-01 -3.44546759e-11 
 2.70000000e-01  1.59999930e+00  2.70000000e-01 -4.46316443e-11 
 2.80000000e-01  1.59999908e+00  2.80000000e-01 -5.79556622e-11 
 2.90000000e-01  1.59999878e+00  2.90000000e-01 -7.53972232e-11 
 3.00000000e-01  1.59999839e+00  3.00000000e-01 -9.82247224e-11 
 3.10000000e-01  1.59999787e+00  3.10000000e-01 -1.28095339e-10 
 3.20000000e-01  1.59999718e+00  3.20000000e-01 -1.67173143e-10 
 3.30000000e-01  1.59999626e+00  3.30000000e-01 -2.18282677e-10 
 3.40000000e-01  1.59999504e+00  3.40000000e-01 -2.85108354e-10 
 3.50000000e-01  1.59999342e+00  3.50000000e-01 -3.72452926e-10 
 3.60000000e-01  1.59999127e+00  3.60000000e-01 -4.86572166e-10 
 3.70000000e-01  1.59998840e+00  3.70000000e-01 -6.35607066e-10 
 3.80000000e-01  1.59998460e+00  3.80000000e-01 -8.30141397e-10 
 3.90000000e-01  1.59997953e+00  3.90000000e-01 -1.08391881e-09 
 4.00000000e-01  1.59997280e+00  4.00000000e-01 -1.41476279e-09 
 4.10000000e-01  1.59996386e+00  4.10000000e-01 -1.84575311e-09 
 4.20000000e-01  1.59995198e+00  4.20000000e-01 -2.40672526e-09 
 4.30000000e-01  1.59993620e+00  4.30000000e-01 -3.13617316e-09 
 4.40000000e-01  1.59991525e+00  4.40000000e-01 -4.08365292e-09 
 4.50000000e-01  1.59988745e+00  4.50000000e-01 -5.31280246e-09 
 4.60000000e-01  1.59985060e+00  4.60000000e-01 -6.90511232e-09 
 4.70000000e-01  1.59980178e+00  4.70000000e-01 -8.96460022e-09 
 4.80000000e-01  1.59973717e+00  4.80000000e-01 -1.16235586e-08 
 4.90000000e-01  1.59965176e+00  4.90000000e-01 -1.50495540e-08 
 5.00000000e-01  1.59953900e+00  5.00000000e-01 -1.94538579e-08 
 5.10000000e-01  1.59939037e+00  5.10000000e-01 -2.51014714e-08 
 5.20000000e-01  1.59919480e+00  5.20000000e-01 -3.23228638e-08 
 5.30000000e-01  1.59893797e+00  5.30000000e-01 -4.15274771e-08 
 5.40000000e-01  1.59860142e+00  5.40000000e-01 -5.32189269e-08 
 5.50000000e-01  1.59816147e+00  5.50000000e-01 -6.80116705e-08 
 5.60000000e-01  1.59758785e+00  5.60000000e-01 -8.66486854e-08 
 5.70000000e-01  1.59684206e+00  5.70000000e-01 -1.10019419e-07 
 5.80000000e-01  1.59587526e+00  5.80000000e-01 -1.39176935e-07 
 5.90000000e-01  1.59462578e+00  5.90000000e-01 -1.75352782e-07 
 6.00000000e-01  1.59301590e+00  6.00000000e-01 -2.19967728e-07 
 6.10000000e-01  1.59094779e+00  6.10000000e-01 -2.74636021e-07 
 6.20000000e-01  1.58829812e+00  6.20000000e-01 -3.41160469e-07 
 6.30000000e-01  1.58491085e+00  6.30000000e-01 -4.21515036e-07 
 6.40000000e-01  1.58058668e+00  6.40000000e-01 -5.17811030e-07 
 6.50000000e-01  1.57506735e+00  6.50000000e-01 -6.32241534e-07 
 6.60000000e-01  1.56801016e+00  6.60000000e-01 -7.66995952e-07 
 6.70000000e-01  1.55894376e+00  6.70000000e-01 -9.24129678e-07 
 6.80000000e-01  1.54718439e+00  6.80000000e-01 -1.10535654e-06 
 6.90000000e-01  1.53165744e+00  6.90000000e-01 -1.31168182e-06 
 7.00000000e-01  1.51045111e+00  7.00000000e-01 -1.54262360e-06 
 7.10000000e-01  1.47939012e+00  7.10000000e-01 -1.79401059e-06 
 7.20000000e-01  1.42211518e+00  7.20000000e-01 -2.04466974e-06 
 7.30000000e-01  1.27754474e+00  7.30000000e-01 -2.20290098e-06 
 7.40000000e-01  1.08148595e+00  7.40000000e-01 -2.27225228e-06 
 7.50000000e-01  8.84127392e-01  7.50000000e-01 -2.30076787e-06 
 7.60000000e-01  6.95337437e-01  7.60000000e-01 -2.29839784e-06 
 7.70000000e-01  5.18853166e-01  7.70000000e-01 -2.27030216e-06 
 7.80000000e-01  3.56951303e-01  7.80000000e-01 -2.22007360e-06 
 7.90000000e-01  2.13762798e-01  7.90000000e-01 -2.14807914e-06 
 8.00000000e-01  1.09071532e-01  8.00000000e-01 -2.04079145e-06 
 8.10000000e-01  6.62859700e-02  8.10000000e-01 -1.88496641e-06 
 8.20000000e-01  4.75850381e-02  8.20000000e-01 -1.71890008e-06 
 8.30000000e-01  3.62793677e-02  8.30000000e-01 -1.55811221e-06 
 8.40000000e-01  2.84754522e-02  8.40000000e-01 -1.40612975e-06 
 8.50000000e-01  2.27115702e-02  8.50000000e-01 -1.26411765e-06 
 8.60000000e-01  1.83436803e-02  8.60000000e-01 -1.13242079e-06 
 8.70000000e-01  1.49287551e-02  8.70000000e-01 -1.01108705e-06 
 8.80000000e-01  1.22176487e-02  8.80000000e-01 -8.99931769e-07 
 8.90000000e-01  1.00420642e-02  8.90000000e-01 -7.98637096e-07 
 9.00000000e-01  8.28194571e-03  9.00000000e-01 -7.06790573e-07 
 9.10000000e-01  6.84915781e-03  9.10000000e-01 -6.23909918e-07 
 9.20000000e-01  5.67731706e-03  9.20000000e-01 -5.49462296e-07 
 9.30000000e-01  4.71538623e-03  9.30000000e-01 -4.82880493e-07 
 9.40000000e-01  3.92348212e-03  9.40000000e-01 -4.23577223e-07 
 9.50000000e-01  3.27003125e-03  9.50000000e-01 -3.70957983e-07 
 9.60000000e-01  2.72978088e-03  9.60000000e-01 -3.24432530e-07 
 9.70000000e-01  2.28237079e-03  9.70000000e-01 -2.83424865e-07 
 9.80000000e-01  1.91128355e-03  9.80000000e-01 -2.47381584e-07 
 9.90000000e-01  1.60305650e-03  9.90000000e-01 -2.15778494e-07 
 1.00000000e+00  1.34667886e-03  1.00000000e+00 -1.88125470e-07 
 1.01000000e+00  1.13312271e-03  1.01000000e+00 -1.63969618e-07 
 1.02000000e+00  9.54972805e-04  1.02000000e+00 -1.42896889e-07 
 1.03000000e+00  8.06130779e-04  1.03000000e+00 -1.24532347e-07 
 1.04000000e+00  6.81576639e-04  1.04000000e+00 -1.08539342e-07 
 1.05000000e+00  5.77174947e-04  1.05000000e+00 -9.46178338e-08 
 1.06000000e+00  4.89516589e-04  1.06000000e+00 -8.25021144e-08 
 1.07000000e+00  4.15789154e-04  1.07000000e+00 -7.19581571e-08 
 1.08000000e+00  3.53670574e-04  1.08000000e+00 -6.27807668e-08 
 1.09000000e+00  3.01241761e-04  1.09000000e+00 -5.47906874e-08 
 1.10000000e+00  2.56914879e-04  1.10000000e+00 -4.78317774e-08 
 1.11000000e+00  2.19374446e-04  1.11000000e+00 -4.17683294e-08 
 1.12000000e+00  1.87529024e-04  1.12000000e+00 -3.64825849e-08 
 1.13000000e+00  1.60471594e-04  1.13000000e+00 -3.18724697e-08 
 1.14000000e+00  1.37447089e-04  1.14000000e+00 -2.78495600e-08 
 1.15000000e+00  1.17825779e-04  1.15000000e+00 -2.43372761e-08 
 1.16000000e+00  1.01081467e-04  1.16000000e+00 -2.12692919e-08 
 1.17000000e+00  8.67736109e-05  1.17000000e+00 -1.85881458e-08 
 1.18000000e+00  7.45326508e-05  1.18000000e+00 -1.62440317e-08 
 1.19000000e+00  6.40479677e-05  1.19000000e+00 -1.41937531e-08 
 1.20000000e+00  5.50579759e-05  1.20000000e+00 -1.23998200e-08 
 1.21000000e+00  4.73419667e-05  1.21000000e+00 -1.08296706e-08 
 1.22000000e+00  4.07133789e-05  1.22000000e+00 -9.45500173e-09 
 1.23000000e+00  3.50142372e-05  1.23000000e+00 -8.25119290e-09 
 1.24000000e+00  3.01105462e-05  1.24000000e+00 -7.19681125e-09 
 1.25000000e+00  2.58884674e-05  1.25000000e+00 -6.27318523e-09 
 1.26000000e+00  2.22511396e-05  1.26000000e+00 -5.46403802e-09 
 1.27000000e+00  1.91160284e-05  1.27000000e+00 -4.75517137e-09 
 1.28000000e+00  1.64127109e-05  1.28000000e+00 -4.13419293e-09 
 1.29000000e+00  1.40810218e-05  1.29000000e+00 -3.59028070e-09 
 1.30000000e+00  1.20694963e-05  1.30000000e+00 -3.11397926e-09 
 1.31000000e+00  1.03340608e-05  1.31000000e+00 -2.69702319e-09 
 1.32000000e+00  8.83692905e-06  1.32000000e+00 -2.33218389e-09 
 1.33000000e+00  7.54566937e-06  1.33000000e+00 -2.01313611e-09 
 1.34000000e+00  6.43241487e-06  1.34000000e+00 -1.73434227e-09 
 1.35000000e+00  5.47319356e-06  1.35000000e+00 -1.49095098e-09 
 1.36000000e+00  4.64735880e-06  1.36000000e+00 -1.27870886e-09 
 1.37000000e+00  3.93710456e-06  1.37000000e+00 -1.09388299e-09 
 1.38000000e+00  3.32705216e-06  1.38000000e+00 -9.33193607e-10 
 1.39000000e+00  2.80389790e-06  1.39000000e+00 -7.93754772e-10 
 1.40000000e+00  2.35611243e-06  1.40000000e+00 -6.73022756e-10 
 1.41000000e+00  1.97368469e-06  1.41000000e+00 -5.68751148e-10 
 1.42000000e+00  1.64790409e-06  1.42000000e+00 -4.78951849e-10 
 1.43000000e+00  1.37117589e-06  1.43000000e+00 -4.01861472e-10 
 1.44000000e+00  1.13686515e-06  1.44000000e+00 -3.35912747e-10 
 1.45000000e+00  9.39165606e-07  1.45000000e+00 -2.79710042e-10 
 1.46000000e+00  7.72989744e-07  1.46000000e+00 -2.32008943e-10 
 1.47000000e+00  6.33877045e-07  1.47000000e+00 -1.91699387e-10 
 1.48000000e+00  5.17917361e-07  1.48000000e+00 -1.57791259e-10 
 1.49000000e+00  4.21686730e-07  1.49000000e+00 -1.29402831e-10 
 1.50000000e+00  3.42193141e-07  1.50000000e+00 -1.05750762e-10 
 1.51000000e+00  2.76830069e-07  1.51000000e+00 -8.61416413e-11 
 1.52000000e+00  2.23335925e-07  1.52000000e+00 -6.99644626e-11 
 1.53000000e+00  1.79757952e-07  1.53000000e+00 -5.66838475e-11 
 1.54000000e+00  1.44419428e-07  1.54000000e+00 -4.58337001e-11 
 1.55000000e+00  1.15889449e-07  1.55000000e+00 -3.70107786e-11 
 1.56000000e+00  9.29548455e-08  1.56000000e+00 -2.98690311e-11 
 1.57000000e+00  7.45939639e-08  1.57000000e+00 -2.41133771e-11 
 1.58000000e+00  5.99522953e-08  1.58000000e+00 -1.94943276e-11 
 1.59000000e+00  4.83199583e-08  1.59000000e+00 -1.58023579e-11 
 1.60000000e+00  3.91111153e-08  1.60000000e+00 -1.28627252e-11 
