 0.00000000e+00  1.99999998e+00  0.00000000e+00 -2.04286089e-12 
 1.00000000e-02  1.99999998e+00  1.00000000e-02 -2.05415134e-12 
 2.00000000e-02  1.99999998e+00  2.00000000e-02 -2.07272871e-12 
 3.00000000e-02  1.99999998e+00  3.00000000e-02 -2.09484101e-12 
 4.00000000e-02  1.99999998e+00  4.00000000e-02 -2.12374150e-12 
 5.00000000e-02  1.99999998e+00  5.00000000e-02 -2.16151055e-12 
 6.00000000e-02  1.99999998e+00  6.00000000e-02 -2.21086907e-12 
 7.00000000e-02  1.99999998e+00  7.00000000e-02 -2.27537498e-12 
 8.00000000e-02  1.99999998e+00  8.00000000e-02 -2.35967430e-12 
 9.00000000e-02  1.99999997e+00  9.00000000e-02 -2.46984074e-12 
 1.00000000e-01  1.99999997e+00  1.00000000e-01 -2.61380782e-12 
 1.10000000e-01  1.99999997e+00  1.10000000e-01 -2.80194509e-12 
 1.20000000e-01  1.99999997e+00  1.20000000e-01 -3.04780246e-12 
 1.30000000e-01  1.99999996e+00  1.30000000e-01 -3.36907629e-12 
 1.40000000e-01  1.99999996e+00  1.40000000e-01 -3.78889650e-12 
 1.50000000e-01  1.99999995e+00  1.50000000e-01 -4.33747634e-12 
 1.60000000e-01  1.99999995e+00  1.60000000e-01 -5.05428642e-12 
 1.70000000e-01  1.99999994e+00  1.70000000e-01 -5.99089051e-12 
 1.80000000e-01  1.99999992e+00  1.80000000e-01 -7.21463536e-12 
 1.90000000e-01  1.99999991e+00  1.90000000e-01 -8.81349009e-12 
 2.00000000e-01  1.99999988e+00  2.00000000e-01 -1.09023370e-11 
 2.10000000e-01  1.99999985e+00  2.10000000e-01 -1.36311966e-11 
 2.20000000e-01  1.99999981e+00  2.20000000e-01 -1.71959484e-11 
 2.30000000e-01  1.99999976e+00  2.30000000e-01 -2.18523164e-11 
 2.40000000e-01  1.99999969e+00  2.40000000e-01 -2.79340964e-11 
 2.50000000e-01  1.99999960e+00  2.50000000e-01 -3.58769221e-11 
 2.60000000e-01  1.99999949e+00  2.60000000e-01 -4.62492022e-11 
 2.70000000e-01  1.99999933e+00  2.70000000e-01 -5.97924286e-11 
 2.80000000e-01  1.99999913e+00  2.80000000e-01 -7.74736184e-11 
 2.90000000e-01  1.99999887e+00  2.90000000e-01 -1.00553516e-10 
 3.00000000e-01  1.99999852e+00  3.00000000e-01 -1.30675246e-10 
 3.10000000e-01  1.99999806e+00  3.10000000e-01 -1.69979443e-10 
 3.20000000e-01  1.99999746e+00  3.20000000e-01 -2.21253557e-10 
 3.30000000e-01  1.99999668e+00  3.30000000e-01 -2.88125526e-10 
 3.40000000e-01  1.99999564e+00  3.40000000e-01 -3.75314310e-10 
 3.50000000e-01  1.99999429e+00  3.50000000e-01 -4.88953877e-10 
 3.60000000e-01  1.99999251e+00  3.60000000e-01 -6.37011404e-10 
 3.70000000e-01  1.99999018e+00  3.70000000e-01 -8.29825967e-10 
 3.80000000e-01  1.99998712e+00  3.80000000e-01 -1.08080135e-09 
 3.90000000e-01  1.99998311e+00  3.90000000e-01 -1.40729465e-09 
 4.00000000e-01  1.99997786e+00  4.00000000e-01 -1.83175316e-09 
 4.10000000e-01  1.99997099e+00  4.10000000e-01 -2.38316433e-09 
 4.20000000e-01  1.99996200e+00  4.20000000e-01 -3.09889860e-09 
 4.30000000e-01  1.99995025e+00  4.30000000e-01 -4.02704201e-09 
 4.40000000e-01  1.99993490e+00  4.40000000e-01 -5.22933544e-09 
 4.50000000e-01  1.99991486e+00  4.50000000e-01 -6.78485794e-09 
 4.60000000e-01  1.99988876e+00  4.60000000e-01 -8.79461555e-09 
 4.70000000e-01  1.99985477e+00  4.70000000e-01 -1.13872174e-08 
 4.80000000e-01  1.99981060e+00  4.80000000e-01 -1.47258407e-08 
 4.90000000e-01  1.99975330e+00  4.90000000e-01 -1.90166984e-08 
 5.00000000e-01  1.99967910e+00  5.00000000e-01 -2.45192230e-08 
 5.10000000e-01  1.99958323e+00  5.10000000e-01 -3.15581623e-08 
 5.20000000e-01  1.99945967e+00  5.20000000e-01 -4.05377390e-08 
 5.30000000e-01  1.99930086e+00  5.30000000e-01 -5.19579424e-08 
 5.40000000e-01  1.99909736e+00  5.40000000e-01 -6.64328971e-08 
 5.50000000e-01  1.99883747e+00  5.50000000e-01 -8.47110710e-08 
 5.60000000e-01  1.99850682e+00  5.60000000e-01 -1.07696845e-07 
 5.70000000e-01  1.99808782e+00  5.70000000e-01 -1.36472673e-07 
 5.80000000e-01  1.99755924e+00  5.80000000e-01 -1.72320722e-07 
 5.90000000e-01  1.99689556e+00  5.90000000e-01 -2.16742523e-07 
 6.00000000e-01  1.99606650e+00  6.00000000e-01 -2.71474818e-07 
 6.10000000e-01  1.99503647e+00  6.10000000e-01 -3.38499565e-07 
 6.20000000e-01  1.99376404e+00  6.20000000e-01 -4.20045879e-07 
 6.30000000e-01  1.99220150e+00  6.30000000e-01 -5.18581818e-07 
 6.40000000e-01  1.99029453e+00  6.40000000e-01 -6.36794198e-07 
 6.50000000e-01  1.98798187e+00  6.50000000e-01 -7.77555169e-07 
 6.60000000e-01  1.98519509e+00  6.60000000e-01 -9.43875080e-07 
 6.70000000e-01  1.98185844e+00  6.70000000e-01 -1.13884203e-06 
 6.80000000e-01  1.97788861e+00  6.80000000e-01 -1.36554949e-06 
 6.90000000e-01  1.97319453e+00  6.90000000e-01 -1.62701416e-06 
 7.00000000e-01  1.96767681e+00  7.00000000e-01 -1.92608697e-06 
 7.10000000e-01  1.96122701e+00  7.10000000e-01 -2.26536026e-06 
 7.20000000e-01  1.95372625e+00  7.20000000e-01 -2.64707439e-06 
 7.30000000e-01  1.94504312e+00  7.30000000e-01 -3.07302624e-06 
 7.40000000e-01  1.93503029e+00  7.40000000e-01 -3.54448137e-06 
 7.50000000e-01  1.92351947e+00  7.50000000e-01 -4.06209018e-06 
 7.60000000e-01  1.91031361e+00  7.60000000e-01 -4.62580643e-06 
 7.70000000e-01  1.89517493e+00  7.70000000e-01 -5.23480180e-06 
 7.80000000e-01  1.87780763e+00  7.80000000e-01 -5.88729873e-06 
 7.90000000e-01  1.85782683e+00  7.90000000e-01 -6.58046108e-06 
 8.00000000e-01  1.83470704e+00  8.00000000e-01 -7.31014374e-06 
 8.10000000e-01  1.80768833e+00  8.10000000e-01 -8.07041016e-06 
 8.20000000e-01  1.77558780e+00  8.20000000e-01 -8.85257924e-06 
 8.30000000e-01  1.73637171e+00  8.30000000e-01 -9.64304573e-06 
 8.40000000e-01  1.68601344e+00  8.40000000e-01 -1.04174461e-05 
 8.50000000e-01  1.61496084e+00  8.50000000e-01 -1.11223598e-05 
 8.60000000e-01  1.50164556e+00  8.60000000e-01 -1.16365120e-05 
 8.70000000e-01  1.35632708e+00  8.70000000e-01 -1.19686659e-05 
 8.80000000e-01  1.19721474e+00  8.80000000e-01 -1.21804388e-05 
 8.90000000e-01  1.03342804e+00  8.90000000e-01 -1.23053893e-05 
 9.00000000e-01  8.69414901e-01  9.00000000e-01 -1.23596994e-05 
 9.10000000e-01  7.08374434e-01  9.10000000e-01 -1.23544930e-05 
 9.20000000e-01  5.53227455e-01  9.20000000e-01 -1.22957638e-05 
 9.30000000e-01  4.08154189e-01  9.30000000e-01 -1.21825262e-05 
 9.40000000e-01  2.82487893e-01  9.40000000e-01 -1.19985151e-05 
 9.50000000e-01  1.95205852e-01  9.50000000e-01 -1.17036459e-05 
 9.60000000e-01  1.49742842e-01  9.60000000e-01 -1.13006764e-05 
 9.70000000e-01  1.24070521e-01  9.70000000e-01 -1.08534516e-05 
 9.80000000e-01  1.06587543e-01  9.80000000e-01 -1.03939950e-05 
 9.90000000e-01  9.32654383e-02  9.90000000e-01 -9.93350570e-06 
 1.00000000e+00  8.26716492e-02  1.00000000e+00 -9.47623938e-06 
 1.01000000e+00  7.38484661e-02  1.01000000e+00 -9.02501222e-06 
 1.02000000e+00  6.63301829e-02  1.02000000e+00 -8.58134053e-06 
 1.03000000e+00  5.98189697e-02  1.03000000e+00 -8.14626815e-06 
 1.04000000e+00  5.41081398e-02  1.04000000e+00 -7.72057523e-06 
 1.05000000e+00  4.90495416e-02  1.05000000e+00 -7.30487156e-06 
 1.06000000e+00  4.45333009e-02  1.06000000e+00 -6.89965346e-06 
 1.07000000e+00  4.04756015e-02  1.07000000e+00 -6.50533807e-06 
 1.08000000e+00  3.68110230e-02  1.08000000e+00 -6.12228457e-06 
 1.09000000e+00  3.34875200e-02  1.09000000e+00 -5.75080788e-06 
 1.10000000e+00  3.04630149e-02  1.10000000e+00 -5.39118747e-06 
 1.11000000e+00  2.77030126e-02  1.11000000e+00 -5.04367312e-06 
 1.12000000e+00  2.51788881e-02  1.12000000e+00 -4.70848842e-06 
 1.13000000e+00  2.28666285e-02  1.13000000e+00 -4.38583274e-06 
 1.14000000e+00  2.07458896e-02  1.14000000e+00 -4.07588191e-06 
 1.15000000e+00  1.87992766e-02  1.15000000e+00 -3.77878802e-06 
 1.16000000e+00  1.70117858e-02  1.16000000e+00 -3.49467837e-06 
 1.17000000e+00  1.53703658e-02  1.17000000e+00 -3.22365366e-06 
 1.18000000e+00  1.38635675e-02  1.18000000e+00 -2.96578576e-06 
 1.19000000e+00  1.24812616e-02  1.19000000e+00 -2.72111485e-06 
 1.20000000e+00  1.12144076e-02  1.20000000e+00 -2.48964622e-06 
 1.21000000e+00  1.00548651e-02  1.21000000e+00 -2.27134686e-06 
 1.22000000e+00  8.99523530e-03  1.22000000e+00 -2.06614184e-06 
 1.23000000e+00  8.02873130e-03  1.23000000e+00 -1.87391084e-06 
 1.24000000e+00  7.14906865e-03  1.24000000e+00 -1.69448488e-06 
 1.25000000e+00  6.35037569e-03  1.25000000e+00 -1.52764363e-06 
 1.26000000e+00  5.62711995e-03  1.26000000e+00 -1.37311337e-06 
 1.27000000e+00  4.97404951e-03  1.27000000e+00 -1.23056608e-06 
 1.28000000e+00  4.38614770e-03  1.28000000e+00 -1.09961972e-06 
 1.29000000e+00  3.85860019e-03  1.29000000e+00 -9.79839943e-07 
 1.30000000e+00  3.38677321e-03  1.30000000e+00 -8.70743452e-07 
 1.31000000e+00  2.96620189e-03  1.31000000e+00 -7.71802919e-07 
 1.32000000e+00  2.59258716e-03  1.32000000e+00 -6.82453468e-07 
 1.33000000e+00  2.26179970e-03  1.33000000e+00 -6.02100503e-07 
 1.34000000e+00  1.96988902e-03  1.34000000e+00 -5.30128563e-07 
 1.35000000e+00  1.71309591e-03  1.35000000e+00 -4.65910829e-07 
 1.36000000e+00  1.48786604e-03  1.36000000e+00 -4.08818794e-07 
 1.37000000e+00  1.29086315e-03  1.37000000e+00 -3.58231658e-07 
 1.38000000e+00  1.11898007e-03  1.38000000e+00 -3.13544987e-07 
 1.39000000e+00  9.69346449e-04  1.39000000e+00 -2.74178269e-07 
 1.40000000e+00  8.39332475e-04  1.40000000e+00 -2.39581129e-07 
 1.41000000e+00  7.26548167e-04  1.41000000e+00 -2.09238018e-07 
 1.42000000e+00  6.28838459e-04  1.42000000e+00 -1.82671390e-07 
 1.43000000e+00  5.44274423e-04  1.43000000e+00 -1.59443402e-07 
 1.44000000e+00  4.71141330e-04  1.44000000e+00 -1.39156326e-07 
 1.45000000e+00  4.07924327e-04  1.45000000e+00 -1.21451854e-07 
 1.46000000e+00  3.53292546e-04  1.46000000e+00 -1.06009543e-07 
 1.47000000e+00  3.06082407e-04  1.47000000e+00 -9.25446280e-08 
 1.48000000e+00  2.65280797e-04  1.48000000e+00 -8.08054204e-08 
 1.49000000e+00  2.30008648e-04  1.49000000e+00 -7.05704730e-08 
 1.50000000e+00  1.99505333e-04  1.50000000e+00 -6.16456745e-08 
 1.51000000e+00  1.73114143e-04  1.51000000e+00 -5.38613818e-08 
 1.52000000e+00  1.50269014e-04  1.52000000e+00 -4.70696786e-08 
 1.53000000e+00  1.30482568e-04  1.53000000e+00 -4.11418148e-08 
 1.54000000e+00  1.13335472e-04  1.54000000e+00 -3.59658578e-08 
 1.55000000e+00  9.84670597e-05  1.55000000e+00 -3.14445704e-08 
 1.56000000e+00  8.55671310e-05  1.56000000e+00 -2.74935154e-08 
 1.57000000e+00  7.43688352e-05  1.57000000e+00 -2.40393780e-08 
 1.58000000e+00  6.46425165e-05  1.58000000e+00 -2.10184925e-08 
 1.59000000e+00  5.61904192e-05  1.59000000e+00 -1.83755546e-08 
 1.60000000e+00  4.88421422e-05  1.60000000e+00 -1.60625023e-08 
 1.61000000e+00  4.24507472e-05  1.61000000e+00 -1.40375446e-08 
 1.62000000e+00  3.68894290e-05  1.62000000e+00 -1.22643219e-08 
 1.63000000e+00  3.20486692e-05  1.63000000e+00 -1.07111801e-08 
 1.64000000e+00  2.78338050e-05  1.64000000e+00 -9.35054458e-09 
 1.65000000e+00  2.41629500e-05  1.65000000e+00 -8.15837929e-09 
 1.66000000e+00  2.09652173e-05  1.66000000e+00 -7.11372042e-09 
 1.67000000e+00  1.81791976e-05  1.67000000e+00 -6.19827330e-09 
 1.68000000e+00  1.57516565e-05  1.68000000e+00 -5.39606414e-09 
 1.69000000e+00  1.36364172e-05  1.69000000e+00 -4.69313898e-09 
 1.70000000e+00  1.17934008e-05  1.70000000e+00 -4.07730268e-09 
 1.71000000e+00  1.01878012e-05  1.71000000e+00 -3.53789276e-09 
 1.72000000e+00  8.78937528e-06  1.72000000e+00 -3.06558299e-09 
 1.73000000e+00  7.57183028e-06  1.73000000e+00 -2.65221276e-09 
 1.74000000e+00  6.51229514e-06  1.74000000e+00 -2.29063804e-09 
 1.75000000e+00  5.59086329e-06  1.75000000e+00 -1.97460202e-09 
 1.76000000e+00  4.79019672e-06  1.76000000e+00 -1.69862165e-09 
 1.77000000e+00  4.09518265e-06  1.77000000e+00 -1.45788858e-09 
 1.78000000e+00  3.49263562e-06  1.78000000e+00 -1.24818239e-09 
 1.79000000e+00  2.97103871e-06  1.79000000e+00 -1.06579473e-09 
 1.80000000e+00  2.52031894e-06  1.80000000e+00 -9.07462749e-10 
 1.81000000e+00  2.13165228e-06  1.81000000e+00 -7.70310825e-10 
 1.82000000e+00  1.79729498e-06  1.82000000e+00 -6.51800024e-10 
 1.83000000e+00  1.51043796e-06  1.83000000e+00 -5.49683882e-10 
 1.84000000e+00  1.26508177e-06  1.84000000e+00 -4.61970480e-10 
 1.85000000e+00  1.05592989e-06  1.85000000e+00 -3.86889806e-10 
 1.86000000e+00  8.78298171e-07  1.86000000e+00 -3.22866112e-10 
 1.87000000e+00  7.28038640e-07  1.87000000e+00 -2.68494622e-10 
 1.88000000e+00  6.01475666e-07  1.88000000e+00 -2.22521926e-10 
 1.89000000e+00  4.95352689e-07  1.89000000e+00 -1.83830023e-10 
 1.90000000e+00  4.06787671e-07  1.90000000e+00 -1.51422694e-10 
 1.91000000e+00  3.33235556e-07  1.91000000e+00 -1.24414308e-10 
 1.92000000e+00  2.72456100e-07  1.92000000e+00 -1.02020323e-10 
 1.93000000e+00  2.22485715e-07  1.93000000e+00 -8.35485951e-11 
 1.94000000e+00  1.81612107e-07  1.94000000e+00 -6.83919308e-11 
 1.95000000e+00  1.48350891e-07  1.95000000e+00 -5.60208809e-11 
 1.96000000e+00  1.21423584e-07  1.96000000e+00 -4.59769070e-11 
 1.97000000e+00  9.97366148e-08  1.97000000e+00 -3.78657247e-11 
 1.98000000e+00  8.23612362e-08  1.98000000e+00 -3.13506929e-11 
 1.99000000e+00  6.85143667e-08  1.99000000e+00 -2.61467152e-11 
 2.00000000e+00  5.75404684e-08  2.00000000e+00 -2.20140165e-11 
