 0.00000000e+00  1.14758131e-32 
 1.00000000e-02  1.10087822e-14 
 2.00000000e-02  2.25465195e-14 
 3.00000000e-02  3.43342298e-14 
 4.00000000e-02  4.66131447e-14 
 5.00000000e-02  5.95713122e-14 
 6.00000000e-02  7.34854343e-14 
 7.00000000e-02  8.87385597e-14 
 8.00000000e-02  1.05846999e-13 
 9.00000000e-02  1.25505156e-13 
 1.00000000e-01  1.48649783e-13 
 1.10000000e-01  1.76546955e-13 
 1.20000000e-01  2.10910879e-13 
 1.30000000e-01  2.54062613e-13 
 1.40000000e-01  3.09144366e-13 
 1.50000000e-01  3.80408704e-13 
 1.60000000e-01  4.73607644e-13 
 1.70000000e-01  5.96518061e-13 
 1.80000000e-01  7.59647553e-13 
 1.90000000e-01  9.77186322e-13 
 2.00000000e-01  1.26828664e-12 
 2.10000000e-01  1.65878357e-12 
 2.20000000e-01  2.18350668e-12 
 2.30000000e-01  2.88938459e-12 
 2.40000000e-01  3.83961168e-12 
 2.50000000e-01  5.11923316e-12 
 2.60000000e-01  6.84263366e-12 
 2.70000000e-01  9.16355956e-12 
 2.80000000e-01  1.22885297e-11 
 2.90000000e-01  1.64947603e-11 
 3.00000000e-01  2.21540974e-11 
 3.10000000e-01  2.97649418e-11 
 3.20000000e-01  3.99947808e-11 
 3.30000000e-01  5.37367728e-11 
 3.40000000e-01  7.21849336e-11 
 3.50000000e-01  9.69338575e-11 
 3.60000000e-01  1.30110765e-10 
 3.70000000e-01  1.74549986e-10 
 3.80000000e-01  2.34023015e-10 
 3.90000000e-01  3.13541056e-10 
 4.00000000e-01  4.19751789e-10 
 4.10000000e-01  5.61458006e-10 
 4.20000000e-01  7.50293139e-10 
 4.30000000e-01  1.00159751e-09 
 4.40000000e-01  1.33554976e-09 
 4.50000000e-01  1.77862005e-09 
 4.60000000e-01  2.36542576e-09 
 4.70000000e-01  3.14108519e-09 
 4.80000000e-01  4.16418066e-09 
 4.90000000e-01  5.51045720e-09 
 5.00000000e-01  7.27739542e-09 
 5.10000000e-01  9.58980472e-09 
 5.20000000e-01  1.26065820e-08 
 5.30000000e-01  1.65287690e-08 
 5.40000000e-01  2.16090122e-08 
 5.50000000e-01  2.81624835e-08 
 5.60000000e-01  3.65792501e-08 
 5.70000000e-01  4.73379921e-08 
 5.80000000e-01  6.10208624e-08 
 5.90000000e-01  7.83291624e-08 
 6.00000000e-01  1.00099395e-07 
 6.10000000e-01  1.27319147e-07 
 6.20000000e-01  1.61142185e-07 
 6.30000000e-01  2.02902084e-07 
 6.40000000e-01  2.54123695e-07 
 6.50000000e-01  3.16531763e-07 
 6.60000000e-01  3.92055980e-07 
 6.70000000e-01  4.82831744e-07 
 6.80000000e-01  5.91195848e-07 
 6.90000000e-01  7.19676219e-07 
 7.00000000e-01  8.70974817e-07 
 7.10000000e-01  1.04794276e-06 
 7.20000000e-01  1.25354697e-06 
 7.30000000e-01  1.49082788e-06 
 7.40000000e-01  1.76284852e-06 
 7.50000000e-01  2.07263588e-06 
 7.60000000e-01  2.42311652e-06 
 7.70000000e-01  2.81704935e-06 
 7.80000000e-01  3.25695911e-06 
 7.90000000e-01  3.74507479e-06 
 8.00000000e-01  4.28327707e-06 
 8.10000000e-01  4.87305951e-06 
 8.20000000e-01  5.51549795e-06 
 8.30000000e-01  6.21121833e-06 
 8.40000000e-01  6.96043201e-06 
 8.50000000e-01  7.76294401e-06 
 8.60000000e-01  8.61818309e-06 
 8.70000000e-01  9.52524193e-06 
 8.80000000e-01  1.04829234e-05 
 8.90000000e-01  1.14897901e-05 
 9.00000000e-01  1.25442141e-05 
 9.10000000e-01  1.36444250e-05 
 9.20000000e-01  1.47885546e-05 
 9.30000000e-01  1.59746762e-05 
 9.40000000e-01  1.72008399e-05 
 9.50000000e-01  1.84651008e-05 
 9.60000000e-01  1.97655435e-05 
 9.70000000e-01  2.11003000e-05 
 9.80000000e-01  2.24675645e-05 
 9.90000000e-01  2.38656029e-05 
 1.00000000e+00  2.52927601e-05 
 1.01000000e+00  2.67474634e-05 
 1.02000000e+00  2.82282247e-05 
 1.03000000e+00  2.97336399e-05 
 1.04000000e+00  3.12623877e-05 
 1.05000000e+00  3.28132269e-05 
 1.06000000e+00  3.43849932e-05 
 1.07000000e+00  3.59765954e-05 
 1.08000000e+00  3.75870114e-05 
 1.09000000e+00  3.92152841e-05 
 1.10000000e+00  4.08605170e-05 
 1.11000000e+00  4.25218704e-05 
 1.12000000e+00  4.41985572e-05 
 1.13000000e+00  4.58898390e-05 
 1.14000000e+00  4.75950229e-05 
 1.15000000e+00  4.93134574e-05 
 1.16000000e+00  5.10445302e-05 
 1.17000000e+00  5.27876643e-05 
 1.18000000e+00  5.45423159e-05 
 1.19000000e+00  5.63079718e-05 
 1.20000000e+00  5.80841469e-05 
 1.21000000e+00  5.98703823e-05 
 1.22000000e+00  6.16662432e-05 
 1.23000000e+00  6.34713173e-05 
 1.24000000e+00  6.52852132e-05 
 1.25000000e+00  6.71075587e-05 
 1.26000000e+00  6.89379998e-05 
 1.27000000e+00  7.07761991e-05 
 1.28000000e+00  7.26218350e-05 
 1.29000000e+00  7.44746004e-05 
 1.30000000e+00  7.63342023e-05 
 1.31000000e+00  7.82003600e-05 
 1.32000000e+00  8.00728054e-05 
 1.33000000e+00  8.19512814e-05 
 1.34000000e+00  8.38355418e-05 
 1.35000000e+00  8.57253503e-05 
 1.36000000e+00  8.76204804e-05 
 1.37000000e+00  8.95207142e-05 
 1.38000000e+00  9.14258428e-05 
 1.39000000e+00  9.33356651e-05 
 1.40000000e+00  9.52499876e-05 
 1.41000000e+00  9.71686242e-05 
 1.42000000e+00  9.90913959e-05 
 1.43000000e+00  1.01018130e-04 
 1.44000000e+00  1.02948660e-04 
 1.45000000e+00  1.04882826e-04 
 1.46000000e+00  1.06820473e-04 
 1.47000000e+00  1.08761453e-04 
 1.48000000e+00  1.10705620e-04 
 1.49000000e+00  1.12652837e-04 
 1.50000000e+00  1.14602969e-04 
 1.51000000e+00  1.16555887e-04 
 1.52000000e+00  1.18511465e-04 
 1.53000000e+00  1.20469583e-04 
 1.54000000e+00  1.22430124e-04 
 1.55000000e+00  1.24392974e-04 
 1.56000000e+00  1.26358025e-04 
 1.57000000e+00  1.28325171e-04 
 1.58000000e+00  1.30294309e-04 
 1.59000000e+00  1.32265341e-04 
 1.60000000e+00  1.34238170e-04 
 1.61000000e+00  1.36212704e-04 
 1.62000000e+00  1.38188854e-04 
 1.63000000e+00  1.40166531e-04 
 1.64000000e+00  1.42145653e-04 
 1.65000000e+00  1.44126138e-04 
 1.66000000e+00  1.46107906e-04 
 1.67000000e+00  1.48090881e-04 
 1.68000000e+00  1.50074989e-04 
 1.69000000e+00  1.52060157e-04 
 1.70000000e+00  1.54046317e-04 
 1.71000000e+00  1.56033400e-04 
 1.72000000e+00  1.58021341e-04 
 1.73000000e+00  1.60010077e-04 
 1.74000000e+00  1.61999545e-04 
 1.75000000e+00  1.63989686e-04 
 1.76000000e+00  1.65980442e-04 
 1.77000000e+00  1.67971757e-04 
 1.78000000e+00  1.69963576e-04 
 1.79000000e+00  1.71955845e-04 
 1.80000000e+00  1.73948515e-04 
