 0.00000000e+00 -4.09510853e-33  0.00000000e+00 -2.16118607e-37  0.00000000e+00 -2.70385939e-33  0.00000000e+00 -2.91383913e-37 
 2.00000000e-02  1.01598790e-14  2.00000000e-02  1.01595266e-14  2.00000000e-02  1.01595453e-14  2.00000000e-02  1.01596367e-14 
 4.00000000e-02  2.03322873e-14  4.00000000e-02  2.03312878e-14  4.00000000e-02  2.03313725e-14  4.00000000e-02  2.03321111e-14 
 6.00000000e-02  3.05305843e-14  6.00000000e-02  3.05284159e-14  6.00000000e-02  3.05286260e-14  6.00000000e-02  3.05311942e-14 
 8.00000000e-02  4.07702504e-14  8.00000000e-02  4.07659407e-14  8.00000000e-02  4.07663202e-14  8.00000000e-02  4.07723646e-14 
 1.00000000e-01  5.10682263e-14  1.00000000e-01  5.10598643e-14  1.00000000e-01  5.10606910e-14  1.00000000e-01  5.10734982e-14 
 1.20000000e-01  6.14476596e-14  1.20000000e-01  6.14316811e-14  1.20000000e-01  6.14337005e-14  1.20000000e-01  6.14555742e-14 
 1.40000000e-01  7.19358926e-14  1.40000000e-01  7.19054265e-14  1.40000000e-01  7.19080692e-14  1.40000000e-01  7.19433871e-14 
 1.60000000e-01  8.25663865e-14  1.60000000e-01  8.25087747e-14  1.60000000e-01  8.25138298e-14  1.60000000e-01  8.25679314e-14 
 1.80000000e-01  9.33850030e-14  1.80000000e-01  9.32764472e-14  1.80000000e-01  9.32824374e-14  1.80000000e-01  9.33638339e-14 
 2.00000000e-01  1.04449002e-13  2.00000000e-01  1.04245849e-13  2.00000000e-01  1.04254631e-13  2.00000000e-01  1.04368987e-13 
 2.20000000e-01  1.15835618e-13  2.20000000e-01  1.15456147e-13  2.20000000e-01  1.15468968e-13  2.20000000e-01  1.15628535e-13 
 2.40000000e-01  1.27657244e-13  2.40000000e-01  1.26952268e-13  2.40000000e-01  1.26969371e-13  2.40000000e-01  1.27187703e-13 
 2.60000000e-01  1.40074096e-13  2.60000000e-01  1.38771563e-13  2.60000000e-01  1.38796716e-13  2.60000000e-01  1.39089640e-13 
 2.80000000e-01  1.53347116e-13  2.80000000e-01  1.50954932e-13  2.80000000e-01  1.50985669e-13  2.80000000e-01  1.51374220e-13 
 3.00000000e-01  1.67892013e-13  3.00000000e-01  1.63527259e-13  3.00000000e-01  1.63568893e-13  3.00000000e-01  1.64079010e-13 
 3.20000000e-01  1.84426774e-13  3.20000000e-01  1.76505512e-13  3.20000000e-01  1.76563001e-13  3.20000000e-01  1.77225097e-13 
 3.40000000e-01  2.04184299e-13  3.40000000e-01  1.89906684e-13  3.40000000e-01  1.89976886e-13  3.40000000e-01  1.90830750e-13 
 3.60000000e-01  2.29297782e-13  3.60000000e-01  2.03723350e-13  3.60000000e-01  2.03818407e-13  3.60000000e-01  2.04899520e-13 
 3.80000000e-01  2.63470533e-13  3.80000000e-01  2.17952636e-13  3.80000000e-01  2.18063442e-13  3.80000000e-01  2.19427883e-13 
 4.00000000e-01  3.13094440e-13  4.00000000e-01  2.32566408e-13  4.00000000e-01  2.32704589e-13  4.00000000e-01  2.34407817e-13 
 4.20000000e-01  3.89144663e-13  4.20000000e-01  2.47548889e-13  4.20000000e-01  2.47719705e-13  4.20000000e-01  2.49821377e-13 
 4.40000000e-01  5.10360905e-13  4.40000000e-01  2.62876906e-13  4.40000000e-01  2.63082037e-13  4.40000000e-01  2.65654903e-13 
 4.60000000e-01  7.08472398e-13  4.60000000e-01  2.78532243e-13  4.60000000e-01  2.78768545e-13  4.60000000e-01  2.81890342e-13 
 4.80000000e-01  1.03677424e-12  4.80000000e-01  2.94480748e-13  4.80000000e-01  2.94751962e-13  4.80000000e-01  2.98507367e-13 
 5.00000000e-01  1.58402377e-12  5.00000000e-01  3.10706268e-13  5.00000000e-01  3.11015211e-13  5.00000000e-01  3.15494267e-13 
 5.20000000e-01  2.49646213e-12  5.20000000e-01  3.27197525e-13  5.20000000e-01  3.27522840e-13  5.20000000e-01  3.32822040e-13 
 5.40000000e-01  4.01196334e-12  5.40000000e-01  3.43956905e-13  5.40000000e-01  3.44262162e-13  5.40000000e-01  3.50488302e-13 
 5.60000000e-01  6.51178547e-12  5.60000000e-01  3.60965056e-13  5.60000000e-01  3.61215723e-13  5.60000000e-01  3.68488985e-13 
 5.80000000e-01  1.05972308e-11  5.80000000e-01  3.78272283e-13  5.80000000e-01  3.78360646e-13  5.80000000e-01  3.86803599e-13 
 6.00000000e-01  1.71961942e-11  6.00000000e-01  3.95934696e-13  6.00000000e-01  3.95677469e-13  6.00000000e-01  4.05419730e-13 
 6.20000000e-01  2.77101877e-11  6.20000000e-01  4.14065266e-13  6.20000000e-01  4.13166354e-13  6.20000000e-01  4.24338245e-13 
 6.40000000e-01  4.41987776e-11  6.40000000e-01  4.32879210e-13  6.40000000e-01  4.30799548e-13  6.40000000e-01  4.43548085e-13 
 6.60000000e-01  6.96076121e-11  6.60000000e-01  4.52755075e-13  6.60000000e-01  4.48583390e-13  6.60000000e-01  4.63056622e-13 
 6.80000000e-01  1.08026221e-10  6.80000000e-01  4.74321103e-13  6.80000000e-01  4.66478744e-13  6.80000000e-01  4.82844613e-13 
 7.00000000e-01  1.64978181e-10  7.00000000e-01  4.98668381e-13  7.00000000e-01  4.84504689e-13  7.00000000e-01  5.02943444e-13 
 7.20000000e-01  2.47732477e-10  7.20000000e-01  5.27642220e-13  7.20000000e-01  5.02654830e-13  7.20000000e-01  5.23318585e-13 
 7.40000000e-01  3.65676295e-10  7.40000000e-01  5.64343114e-13  7.40000000e-01  5.20897670e-13  7.40000000e-01  5.43985592e-13 
 7.60000000e-01  5.30791580e-10  7.60000000e-01  6.13976101e-13  7.60000000e-01  5.39254622e-13  7.60000000e-01  5.64948045e-13 
 7.80000000e-01  7.58282203e-10  7.80000000e-01  6.85275567e-13  7.80000000e-01  5.57695383e-13  7.80000000e-01  5.86202636e-13 
 8.00000000e-01  1.06751541e-09  8.00000000e-01  7.92799420e-13  8.00000000e-01  5.76227976e-13  8.00000000e-01  6.07759936e-13 
 8.20000000e-01  1.48327679e-09  8.20000000e-01  9.60713497e-13  8.20000000e-01  5.94863243e-13  8.20000000e-01  6.29605417e-13 
 8.40000000e-01  2.03756169e-09  8.40000000e-01  1.22897580e-12  8.40000000e-01  6.13572127e-13  8.40000000e-01  6.51775509e-13 
 8.60000000e-01  2.77188580e-09  8.60000000e-01  1.66316234e-12  8.60000000e-01  6.32370675e-13  8.60000000e-01  6.74224782e-13 
 8.80000000e-01  3.74053918e-09  8.80000000e-01  2.37035413e-12  8.80000000e-01  6.51274932e-13  8.80000000e-01  6.97015037e-13 
 9.00000000e-01  5.01466486e-09  9.00000000e-01  3.52357401e-12  9.00000000e-01  6.70262565e-13  9.00000000e-01  7.20133805e-13 
 9.20000000e-01  6.68807122e-09  9.20000000e-01  5.39979107e-12  9.20000000e-01  6.89386482e-13  9.20000000e-01  7.43550404e-13 
 9.40000000e-01  8.88466895e-09  9.40000000e-01  8.43637551e-12  9.40000000e-01  7.08646466e-13  9.40000000e-01  7.67307008e-13 
 9.60000000e-01  1.17688551e-08  9.60000000e-01  1.33140399e-11  9.60000000e-01  7.28126435e-13  9.60000000e-01  7.91414460e-13 
 9.80000000e-01  1.55595082e-08  9.80000000e-01  2.10722554e-11  9.80000000e-01  7.47913884e-13  9.80000000e-01  8.15861159e-13 
 1.00000000e+00  2.05494653e-08  1.00000000e+00  3.32666538e-11  1.00000000e+00  7.68140759e-13  1.00000000e+00  8.40647864e-13 
 1.02000000e+00  2.71310584e-08  1.02000000e+00  5.21682633e-11  1.02000000e+00  7.89093292e-13  1.02000000e+00  8.65796475e-13 
 1.04000000e+00  3.58321354e-08  1.04000000e+00  8.10086589e-11  1.04000000e+00  8.11209064e-13  1.04000000e+00  8.91303090e-13 
 1.06000000e+00  4.73634779e-08  1.06000000e+00  1.24260513e-10  1.06000000e+00  8.35242465e-13  1.06000000e+00  9.17181587e-13 
 1.08000000e+00  6.26808552e-08  1.08000000e+00  1.87948782e-10  1.08000000e+00  8.62438593e-13  1.08000000e+00  9.43432290e-13 
 1.10000000e+00  8.30625593e-08  1.10000000e+00  2.79991429e-10  1.10000000e+00  8.94873477e-13  1.10000000e+00  9.70056717e-13 
 1.12000000e+00  1.10204830e-07  1.12000000e+00  4.10587844e-10  1.12000000e+00  9.35982411e-13  1.12000000e+00  9.97107670e-13 
 1.14000000e+00  1.46323109e-07  1.14000000e+00  5.92703336e-10  1.14000000e+00  9.91502887e-13  1.14000000e+00  1.02453614e-12 
 1.16000000e+00  1.94255084e-07  1.16000000e+00  8.42736114e-10  1.16000000e+00  1.07093154e-12  1.16000000e+00  1.05236653e-12 
 1.18000000e+00  2.57540181e-07  1.18000000e+00  1.18142361e-09  1.18000000e+00  1.18993248e-12  1.18000000e+00  1.08063883e-12 
 1.20000000e+00  3.40442847e-07  1.20000000e+00  1.63516471e-09  1.20000000e+00  1.37426160e-12  1.20000000e+00  1.10929950e-12 
 1.22000000e+00  4.47895352e-07  1.22000000e+00  2.23777962e-09  1.22000000e+00  1.66625307e-12  1.22000000e+00  1.13841412e-12 
 1.24000000e+00  5.85331728e-07  1.24000000e+00  3.03296326e-09  1.24000000e+00  2.13478616e-12  1.24000000e+00  1.16795148e-12 
 1.26000000e+00  7.58410836e-07  1.26000000e+00  4.07748022e-09  1.26000000e+00  2.89158281e-12  1.26000000e+00  1.19798095e-12 
 1.28000000e+00  9.72669531e-07  1.28000000e+00  5.44540317e-09  1.28000000e+00  4.11622765e-12  1.28000000e+00  1.22847674e-12 
 1.30000000e+00  1.23314461e-06  1.30000000e+00  7.23403719e-09  1.30000000e+00  6.09457504e-12  1.30000000e+00  1.25952428e-12 
 1.32000000e+00  1.54408473e-06  1.32000000e+00  9.57131413e-09  1.32000000e+00  9.27691040e-12  1.32000000e+00  1.29110047e-12 
 1.34000000e+00  1.90877307e-06  1.34000000e+00  1.26265189e-08  1.34000000e+00  1.43618971e-11  1.34000000e+00  1.32334844e-12 
 1.36000000e+00  2.32949081e-06  1.36000000e+00  1.66244567e-08  1.36000000e+00  2.24157263e-11  1.36000000e+00  1.35630352e-12 
 1.38000000e+00  2.80761042e-06  1.38000000e+00  2.18652117e-08  1.38000000e+00  3.50344892e-11  1.38000000e+00  1.39026637e-12 
 1.40000000e+00  3.34373564e-06  1.40000000e+00  2.87515725e-08  1.40000000e+00  5.45524910e-11  1.40000000e+00  1.42545676e-12 
 1.42000000e+00  3.93788400e-06  1.42000000e+00  3.78264575e-08  1.42000000e+00  8.43020143e-11  1.42000000e+00  1.46242838e-12 
 1.44000000e+00  4.58965075e-06  1.44000000e+00  4.98255412e-08  1.44000000e+00  1.28913415e-10  1.44000000e+00  1.50206518e-12 
 1.46000000e+00  5.29833513e-06  1.46000000e+00  6.57482407e-08  1.46000000e+00  1.94651583e-10  1.46000000e+00  1.54572991e-12 
 1.48000000e+00  6.06305911e-06  1.48000000e+00  8.69535363e-08  1.48000000e+00  2.89780632e-10  1.48000000e+00  1.59580790e-12 
 1.50000000e+00  6.88281943e-06  1.50000000e+00  1.15279358e-07  1.50000000e+00  4.24973063e-10  1.50000000e+00  1.65614928e-12 
 1.52000000e+00  7.75656128e-06  1.52000000e+00  1.53189386e-07  1.52000000e+00  6.13813065e-10  1.52000000e+00  1.73317057e-12 
 1.54000000e+00  8.68318498e-06  1.54000000e+00  2.03921857e-07  1.54000000e+00  8.73433508e-10  1.54000000e+00  1.83732337e-12 
 1.56000000e+00  9.66158581e-06  1.56000000e+00  2.71607465e-07  1.56000000e+00  1.22546009e-09  1.56000000e+00  1.98592412e-12 
 1.58000000e+00  1.06906531e-05  1.58000000e+00  3.61284633e-07  1.58000000e+00  1.69727904e-09  1.58000000e+00  2.20727343e-12 
 1.60000000e+00  1.17692803e-05  1.60000000e+00  4.78752489e-07  1.60000000e+00  2.32385642e-09  1.60000000e+00  2.54761034e-12 
 1.62000000e+00  1.28963670e-05  1.62000000e+00  6.30224414e-07  1.62000000e+00  3.15018359e-09  1.62000000e+00  3.08186831e-12 
 1.64000000e+00  1.40708151e-05  1.64000000e+00  8.21836799e-07  1.64000000e+00  4.23462399e-09  1.64000000e+00  3.93123077e-12 
 1.66000000e+00  1.52915327e-05  1.66000000e+00  1.05914562e-06  1.66000000e+00  5.65324896e-09  1.66000000e+00  5.28977686e-12 
 1.68000000e+00  1.65574314e-05  1.68000000e+00  1.34675305e-06  1.68000000e+00  7.50594950e-09  1.68000000e+00  7.46590615e-12 
 1.70000000e+00  1.78674262e-05  1.70000000e+00  1.68812659e-06  1.70000000e+00  9.92436589e-09  1.70000000e+00  1.09440818e-11 
 1.72000000e+00  1.92204291e-05  1.72000000e+00  2.08562188e-06  1.72000000e+00  1.30831862e-08  1.72000000e+00  1.64751984e-11 
 1.74000000e+00  2.06153549e-05  1.74000000e+00  2.54062097e-06  1.74000000e+00  1.72154844e-08  1.74000000e+00  2.52050561e-11 
 1.76000000e+00  2.20511171e-05  1.76000000e+00  3.05373064e-06  1.76000000e+00  2.26344259e-08  1.76000000e+00  3.88495638e-11 
 1.78000000e+00  2.35266267e-05  1.78000000e+00  3.62498207e-06  1.78000000e+00  2.97640652e-08  1.78000000e+00  5.99232398e-11 
 1.80000000e+00  2.50407953e-05  1.80000000e+00  4.25399582e-06  1.80000000e+00  3.91827941e-08  1.80000000e+00  9.20244846e-11 
